SkillID|SkillType|SkillQuality|SkillLv|SkillName|SkillTime|SkillAtk|SkillRoll|SkillHitRate|SkillDex|SkillArmorPen|SkillCrit|UseLv|SkillDodge|SkillRoll|SkillAtk|SkillDef|SkillInfo
int|string|string|string|string|int|int|int|int|int|int|int|int|int|int|int|int|string
1|剑|白|凡品|基础剑法|1|5|2|5|0|0|5|1|0|0|0|0|基础剑法
2|剑|白|出类|基础剑法|1|6|2|6|0|0|5|1|0|0|0|0|基础剑法
3|剑|白|超绝|基础剑法|1|7|2|7|0|0|5|1|0|0|0|0|基础剑法
4|剑|白|独步|基础剑法|1|10|5|10|0|0|5|1|0|0|0|0|基础剑法
5|剑|蓝|凡品|三柴剑法·起势|1|8|3|5|0|0|5|5|0|0|0|0|蓝色新手剑法，前中期过渡用。
6|剑|蓝|出类|三柴剑法·起势|1|9|3|6|0|0|5|5|0|0|0|0|蓝色新手剑法，前中期过渡用。
7|剑|蓝|超绝|三柴剑法·起势|1|10|3|7|0|0|5|5|0|0|0|0|蓝色新手剑法，前中期过渡用。
8|剑|蓝|独步|三柴剑法·起势|1|13|6|10|0|0|5|5|0|0|0|0|蓝色新手剑法，前中期过渡用。
9|剑|蓝|凡品|三柴剑法·夺先|1|5|5|5|1|0|5|5|0|0|0|0|蓝色新手剑法，前中期过渡用。
10|剑|蓝|出类|三柴剑法·夺先|1|6|5|6|2|0|5|5|0|0|0|0|蓝色新手剑法，前中期过渡用。
11|剑|蓝|超绝|三柴剑法·夺先|1|7|5|7|3|0|5|5|0|0|0|0|蓝色新手剑法，前中期过渡用。
12|剑|蓝|独步|三柴剑法·夺先|1|10|8|10|5|0|5|5|0|0|0|0|蓝色新手剑法，前中期过渡用。
13|剑|蓝|凡品|三柴剑法·横贯|1|10|3|5|0|0|5|5|0|0|0|0|蓝色新手剑法，前中期过渡用。
14|剑|蓝|出类|三柴剑法·横贯|1|11|3|6|0|0|5|5|0|0|0|0|蓝色新手剑法，前中期过渡用。
15|剑|蓝|超绝|三柴剑法·横贯|1|12|3|7|0|0|5|5|0|0|0|0|蓝色新手剑法，前中期过渡用。
16|剑|蓝|独步|三柴剑法·横贯|1|13|6|10|0|0|5|5|0|0|0|0|蓝色新手剑法，前中期过渡用。
17|剑|蓝|凡品|三柴剑法·岳渊|1|12|2|5|0|0|5|5|0|0|0|0|蓝色新手剑法，前中期过渡用。
18|剑|蓝|出类|三柴剑法·岳渊|1|13|2|6|0|0|5|5|0|0|0|0|蓝色新手剑法，前中期过渡用。
19|剑|蓝|超绝|三柴剑法·岳渊|1|14|2|7|0|0|5|5|0|0|0|0|蓝色新手剑法，前中期过渡用。
20|剑|蓝|独步|三柴剑法·岳渊|1|17|5|10|0|0|5|5|0|0|0|0|蓝色新手剑法，前中期过渡用。
21|剑|蓝|凡品|五岳剑法·奇峰|1|10|3|5|0|0|5|5|0|0|0|0|出手如山岳般气质磅渊，显剑之稳重。
22|剑|蓝|出类|五岳剑法·奇峰|1|11|3|6|0|0|5|5|0|0|0|0|出手如山岳般气质磅渊，显剑之稳重。
23|剑|蓝|超绝|五岳剑法·奇峰|1|12|3|7|0|0|5|5|0|0|0|0|出手如山岳般气质磅渊，显剑之稳重。
24|剑|蓝|独步|五岳剑法·奇峰|1|15|6|10|0|0|5|5|0|0|0|0|出手如山岳般气质磅渊，显剑之稳重。
25|剑|蓝|凡品|五岳剑法·险道|1|11|3|5|1|0|5|5|0|0|0|0|出手如山岳般气质磅渊，显剑之稳重。
26|剑|蓝|出类|五岳剑法·险道|1|12|3|6|2|0|5|5|0|0|0|0|出手如山岳般气质磅渊，显剑之稳重。
27|剑|蓝|超绝|五岳剑法·险道|1|13|3|7|3|0|5|5|0|0|0|0|出手如山岳般气质磅渊，显剑之稳重。
28|剑|蓝|独步|五岳剑法·险道|1|16|6|10|5|0|5|5|0|0|0|0|出手如山岳般气质磅渊，显剑之稳重。
29|剑|蓝|凡品|五岳剑法·峥嵘|1|12|2|5|0|0|5|5|0|0|0|0|出手如山岳般气质磅渊，显剑之稳重。
30|剑|蓝|出类|五岳剑法·峥嵘|1|13|2|6|0|0|5|5|0|0|0|0|出手如山岳般气质磅渊，显剑之稳重。
31|剑|蓝|超绝|五岳剑法·峥嵘|1|14|2|7|0|0|5|5|0|0|0|0|出手如山岳般气质磅渊，显剑之稳重。
32|剑|蓝|独步|五岳剑法·峥嵘|1|17|5|10|0|0|5|5|0|0|0|0|出手如山岳般气质磅渊，显剑之稳重。
33|剑|蓝|凡品|五岳剑法·通天|1|15|2|5|0|0|5|5|0|0|0|0|出手如山岳般气质磅渊，显剑之稳重。
34|剑|蓝|出类|五岳剑法·通天|1|16|2|6|0|0|5|5|0|0|0|0|出手如山岳般气质磅渊，显剑之稳重。
35|剑|蓝|超绝|五岳剑法·通天|1|17|2|7|0|0|5|5|0|0|0|0|出手如山岳般气质磅渊，显剑之稳重。
36|剑|蓝|独步|五岳剑法·通天|1|20|5|10|0|0|5|5|0|0|0|0|出手如山岳般气质磅渊，显剑之稳重。
37|剑|蓝|凡品|无心剑法·无情|1|12|3|5|0|0|5|5|0|0|0|0|无心剑客成名剑法，褪去杂念，万物可为剑。
38|剑|蓝|出类|无心剑法·无情|1|13|3|6|0|0|5|5|0|0|0|0|无心剑客成名剑法，褪去杂念，万物可为剑。
39|剑|蓝|超绝|无心剑法·无情|1|14|3|7|0|0|5|5|0|0|0|0|无心剑客成名剑法，褪去杂念，万物可为剑。
40|剑|蓝|独步|无心剑法·无情|1|17|6|10|0|0|5|5|0|0|0|0|无心剑客成名剑法，褪去杂念，万物可为剑。
41|剑|蓝|凡品|无心剑法·无念|1|12|3|5|0|0|5|5|0|0|0|0|无心剑客成名剑法，褪去杂念，万物可为剑。
42|剑|蓝|出类|无心剑法·无念|1|13|3|6|0|0|5|5|0|0|0|0|无心剑客成名剑法，褪去杂念，万物可为剑。
43|剑|蓝|超绝|无心剑法·无念|1|14|3|7|0|0|5|5|0|0|0|0|无心剑客成名剑法，褪去杂念，万物可为剑。
44|剑|蓝|独步|无心剑法·无念|1|17|6|10|0|0|5|5|0|0|0|0|无心剑客成名剑法，褪去杂念，万物可为剑。
45|剑|蓝|凡品|无心剑法·无惧|1|13|2|5|0|0|5|5|0|0|0|0|无心剑客成名剑法，褪去杂念，万物可为剑。
46|剑|蓝|出类|无心剑法·无惧|1|14|2|6|0|0|5|5|0|0|0|0|无心剑客成名剑法，褪去杂念，万物可为剑。
47|剑|蓝|超绝|无心剑法·无惧|1|15|2|7|0|0|5|5|0|0|0|0|无心剑客成名剑法，褪去杂念，万物可为剑。
48|剑|蓝|独步|无心剑法·无惧|1|18|5|10|0|0|5|5|0|0|0|0|无心剑客成名剑法，褪去杂念，万物可为剑。
49|剑|紫|凡品|太极剑法·点剑|1|11|5|5|1|0|5|10|0|0|0|0|相传出自青崖子的剑法，各特性均衡。
50|剑|紫|出类|太极剑法·点剑|1|12|5|6|2|0|5|10|0|0|0|0|相传出自青崖子的剑法，各特性均衡。
51|剑|紫|超绝|太极剑法·点剑|1|13|5|7|3|0|5|10|0|0|0|0|相传出自青崖子的剑法，各特性均衡。
52|剑|紫|独步|太极剑法·点剑|1|16|6|10|5|0|5|10|0|0|0|0|相传出自青崖子的剑法，各特性均衡。
53|剑|紫|凡品|太极剑法·刺剑|1|12|3|5|1|0|5|10|0|0|0|0|相传出自青崖子的剑法，各特性均衡。
54|剑|紫|出类|太极剑法·刺剑|1|13|3|6|2|0|5|10|0|0|0|0|相传出自青崖子的剑法，各特性均衡。
55|剑|紫|超绝|太极剑法·刺剑|1|14|3|7|3|0|5|10|0|0|0|0|相传出自青崖子的剑法，各特性均衡。
56|剑|紫|独步|太极剑法·刺剑|1|17|6|10|5|0|5|10|0|0|0|0|相传出自青崖子的剑法，各特性均衡。
57|剑|紫|凡品|太极剑法·崩剑|1|13|3|5|0|0|5|10|0|0|0|0|相传出自青崖子的剑法，各特性均衡。
58|剑|紫|出类|太极剑法·崩剑|1|14|3|6|0|0|5|10|0|0|0|0|相传出自青崖子的剑法，各特性均衡。
59|剑|紫|超绝|太极剑法·崩剑|1|15|3|7|0|0|5|10|0|0|0|0|相传出自青崖子的剑法，各特性均衡。
60|剑|紫|独步|太极剑法·崩剑|1|18|6|10|0|0|5|10|0|0|0|0|相传出自青崖子的剑法，各特性均衡。
61|剑|紫|凡品|太极剑法·穿剑|1|12|3|5|2|0|5|10|0|0|0|0|相传出自青崖子的剑法，各特性均衡。
62|剑|紫|出类|太极剑法·穿剑|1|13|3|6|3|0|5|10|0|0|0|0|相传出自青崖子的剑法，各特性均衡。
63|剑|紫|超绝|太极剑法·穿剑|1|14|3|7|4|0|5|10|0|0|0|0|相传出自青崖子的剑法，各特性均衡。
64|剑|紫|独步|太极剑法·穿剑|1|17|6|10|5|0|5|10|0|0|0|0|相传出自青崖子的剑法，各特性均衡。
65|剑|紫|凡品|太极剑法·斩剑|1|15|3|4|0|1|5|10|0|0|0|0|相传出自青崖子的剑法，各特性均衡。
66|剑|紫|出类|太极剑法·斩剑|1|16|3|5|0|1|5|10|0|0|0|0|相传出自青崖子的剑法，各特性均衡。
67|剑|紫|超绝|太极剑法·斩剑|1|17|3|6|0|1|5|10|0|0|0|0|相传出自青崖子的剑法，各特性均衡。
68|剑|紫|独步|太极剑法·斩剑|1|20|6|9|0|1|5|10|0|0|0|0|相传出自青崖子的剑法，各特性均衡。
69|剑|紫|凡品|太极剑法·削剑|1|14|3|5|0|0|5|10|0|0|0|0|相传出自青崖子的剑法，各特性均衡。
70|剑|紫|出类|太极剑法·削剑|1|15|3|6|0|0|5|10|0|0|0|0|相传出自青崖子的剑法，各特性均衡。
71|剑|紫|超绝|太极剑法·削剑|1|16|3|7|0|0|5|10|0|0|0|0|相传出自青崖子的剑法，各特性均衡。
72|剑|紫|独步|太极剑法·削剑|1|19|6|10|0|0|5|10|0|0|0|0|相传出自青崖子的剑法，各特性均衡。
73|剑|紫|凡品|影流剑法·水引|1|10|4|6|2|0|5|10|0|0|0|0|流传自寇岛，相传最初为忍者所用，主快、准。
74|剑|紫|出类|影流剑法·水引|1|11|4|7|3|0|5|10|0|0|0|0|流传自寇岛，相传最初为忍者所用，主快、准。
75|剑|紫|超绝|影流剑法·水引|1|12|5|8|4|0|5|10|0|0|0|0|流传自寇岛，相传最初为忍者所用，主快、准。
76|剑|紫|独步|影流剑法·水引|1|15|8|11|5|0|5|10|0|0|0|0|流传自寇岛，相传最初为忍者所用，主快、准。
77|剑|紫|凡品|影流剑法·一闪|1|8|5|7|2|0|5|10|0|0|0|0|流传自寇岛，相传最初为忍者所用，主快、准。
78|剑|紫|出类|影流剑法·一闪|1|9|5|8|3|0|5|10|0|0|0|0|流传自寇岛，相传最初为忍者所用，主快、准。
79|剑|紫|超绝|影流剑法·一闪|1|10|6|9|4|0|5|10|0|0|0|0|流传自寇岛，相传最初为忍者所用，主快、准。
80|剑|紫|独步|影流剑法·一闪|1|13|9|12|5|0|5|10|0|0|0|0|流传自寇岛，相传最初为忍者所用，主快、准。
81|剑|紫|凡品|影流剑法·瞬斩|1|9|4|7|2|0|5|10|0|0|0|0|流传自寇岛，相传最初为忍者所用，主快、准。
82|剑|紫|出类|影流剑法·瞬斩|1|10|4|8|3|0|5|10|0|0|0|0|流传自寇岛，相传最初为忍者所用，主快、准。
83|剑|紫|超绝|影流剑法·瞬斩|1|11|5|9|4|0|5|10|0|0|0|0|流传自寇岛，相传最初为忍者所用，主快、准。
84|剑|紫|独步|影流剑法·瞬斩|1|14|8|12|5|0|5|10|0|0|0|0|流传自寇岛，相传最初为忍者所用，主快、准。
85|剑|紫|凡品|摧城剑法·步进|1|15|3|5|0|0|5|10|0|0|0|0|相传为唐代剑圣裴旻所创，主杀伐，大开大阖。
86|剑|紫|出类|摧城剑法·步进|1|16|3|6|0|0|5|10|0|0|0|0|相传为唐代剑圣裴旻所创，主杀伐，大开大阖。
87|剑|紫|超绝|摧城剑法·步进|1|17|3|7|0|0|5|10|0|0|0|0|相传为唐代剑圣裴旻所创，主杀伐，大开大阖。
88|剑|紫|独步|摧城剑法·步进|1|20|6|10|0|0|5|10|0|0|0|0|相传为唐代剑圣裴旻所创，主杀伐，大开大阖。
89|剑|紫|凡品|摧城剑法·退甲|1|16|3|5|0|1|5|10|0|0|0|0|相传为唐代剑圣裴旻所创，主杀伐，大开大阖。
90|剑|紫|出类|摧城剑法·退甲|1|17|3|6|0|1|5|10|0|0|0|0|相传为唐代剑圣裴旻所创，主杀伐，大开大阖。
91|剑|紫|超绝|摧城剑法·退甲|1|18|3|7|0|1|5|10|0|0|0|0|相传为唐代剑圣裴旻所创，主杀伐，大开大阖。
92|剑|紫|独步|摧城剑法·退甲|1|21|6|10|0|1|5|10|0|0|0|0|相传为唐代剑圣裴旻所创，主杀伐，大开大阖。
93|剑|紫|凡品|摧城剑法·折兵|1|17|3|5|0|1|5|10|0|0|0|0|相传为唐代剑圣裴旻所创，主杀伐，大开大阖。
94|剑|紫|出类|摧城剑法·折兵|1|18|3|6|0|1|5|10|0|0|0|0|相传为唐代剑圣裴旻所创，主杀伐，大开大阖。
95|剑|紫|超绝|摧城剑法·折兵|1|19|3|7|0|1|5|10|0|0|0|0|相传为唐代剑圣裴旻所创，主杀伐，大开大阖。
96|剑|紫|独步|摧城剑法·折兵|1|22|6|10|0|1|5|10|0|0|0|0|相传为唐代剑圣裴旻所创，主杀伐，大开大阖。
97|剑|紫|凡品|摧城剑法·破敌|1|18|3|5|0|2|5|10|0|0|0|0|相传为唐代剑圣裴旻所创，主杀伐，大开大阖。
98|剑|紫|出类|摧城剑法·破敌|1|19|3|6|0|2|5|10|0|0|0|0|相传为唐代剑圣裴旻所创，主杀伐，大开大阖。
99|剑|紫|超绝|摧城剑法·破敌|1|20|3|7|0|2|5|10|0|0|0|0|相传为唐代剑圣裴旻所创，主杀伐，大开大阖。
100|剑|紫|独步|摧城剑法·破敌|1|23|6|10|0|2|5|10|0|0|0|0|相传为唐代剑圣裴旻所创，主杀伐，大开大阖。
101|剑|紫|凡品|白猿剑法·揽月|1|12|5|5|2|0|5|10|0|0|0|0|相传为峨眉派开派祖师司徒玄空所创，灵动飘逸。
102|剑|紫|出类|白猿剑法·揽月|1|13|5|6|3|0|5|10|0|0|0|0|相传为峨眉派开派祖师司徒玄空所创，灵动飘逸。
103|剑|紫|超绝|白猿剑法·揽月|1|14|6|7|4|0|5|10|0|0|0|0|相传为峨眉派开派祖师司徒玄空所创，灵动飘逸。
104|剑|紫|独步|白猿剑法·揽月|1|17|9|10|5|0|5|10|0|0|0|0|相传为峨眉派开派祖师司徒玄空所创，灵动飘逸。
105|剑|紫|凡品|白猿剑法·力击|1|17|4|5|2|0|5|10|0|0|0|0|相传为峨眉派开派祖师司徒玄空所创，灵动飘逸。
106|剑|紫|出类|白猿剑法·力击|1|18|4|6|3|0|5|10|0|0|0|0|相传为峨眉派开派祖师司徒玄空所创，灵动飘逸。
107|剑|紫|超绝|白猿剑法·力击|1|19|5|7|4|0|5|10|0|0|0|0|相传为峨眉派开派祖师司徒玄空所创，灵动飘逸。
108|剑|紫|独步|白猿剑法·力击|1|22|8|10|5|0|5|10|0|0|0|0|相传为峨眉派开派祖师司徒玄空所创，灵动飘逸。
109|剑|紫|凡品|白猿剑法·游嘻|1|14|5|5|2|0|5|10|0|0|0|0|相传为峨眉派开派祖师司徒玄空所创，灵动飘逸。
110|剑|紫|出类|白猿剑法·游嘻|1|15|5|6|3|0|5|10|0|0|0|0|相传为峨眉派开派祖师司徒玄空所创，灵动飘逸。
111|剑|紫|超绝|白猿剑法·游嘻|1|16|6|7|4|0|5|10|0|0|0|0|相传为峨眉派开派祖师司徒玄空所创，灵动飘逸。
112|剑|紫|独步|白猿剑法·游嘻|1|19|9|10|5|0|5|10|0|0|0|0|相传为峨眉派开派祖师司徒玄空所创，灵动飘逸。
113|剑|金|凡品|太上无情剑·得情|1|20|4|5|3|0|5|20|0|0|0|0|相传为太上老君授予吕洞宾，人间难觅，至真至胜之剑。
114|剑|金|出类|太上无情剑·得情|1|21|5|6|4|0|5|20|0|0|0|0|相传为太上老君授予吕洞宾，人间难觅，至真至胜之剑。
115|剑|金|超绝|太上无情剑·得情|1|22|6|7|5|0|5|20|0|0|0|0|相传为太上老君授予吕洞宾，人间难觅，至真至胜之剑。
116|剑|金|独步|太上无情剑·得情|1|27|8|10|6|0|5|20|0|0|0|0|相传为太上老君授予吕洞宾，人间难觅，至真至胜之剑。
117|剑|金|凡品|太上无情剑·念情|1|22|4|5|3|0|5|20|0|0|0|0|相传为太上老君授予吕洞宾，人间难觅，至真至胜之剑。
118|剑|金|出类|太上无情剑·念情|1|23|5|6|4|0|5|20|0|0|0|0|相传为太上老君授予吕洞宾，人间难觅，至真至胜之剑。
119|剑|金|超绝|太上无情剑·念情|1|24|6|7|5|0|5|20|0|0|0|0|相传为太上老君授予吕洞宾，人间难觅，至真至胜之剑。
120|剑|金|独步|太上无情剑·念情|1|29|8|10|6|0|5|20|0|0|0|0|相传为太上老君授予吕洞宾，人间难觅，至真至胜之剑。
121|剑|金|凡品|太上无情剑·动情|1|23|4|5|3|0|5|20|0|0|0|0|相传为太上老君授予吕洞宾，人间难觅，至真至胜之剑。
122|剑|金|出类|太上无情剑·动情|1|24|5|6|4|0|5|20|0|0|0|0|相传为太上老君授予吕洞宾，人间难觅，至真至胜之剑。
123|剑|金|超绝|太上无情剑·动情|1|25|6|7|5|0|5|20|0|0|0|0|相传为太上老君授予吕洞宾，人间难觅，至真至胜之剑。
124|剑|金|独步|太上无情剑·动情|1|30|8|10|6|0|5|20|0|0|0|0|相传为太上老君授予吕洞宾，人间难觅，至真至胜之剑。
125|剑|金|凡品|太上无情剑·思情|1|24|4|5|3|0|5|20|0|0|0|0|相传为太上老君授予吕洞宾，人间难觅，至真至胜之剑。
126|剑|金|出类|太上无情剑·思情|1|25|5|6|4|0|5|20|0|0|0|0|相传为太上老君授予吕洞宾，人间难觅，至真至胜之剑。
127|剑|金|超绝|太上无情剑·思情|1|26|6|7|5|0|5|20|0|0|0|0|相传为太上老君授予吕洞宾，人间难觅，至真至胜之剑。
128|剑|金|独步|太上无情剑·思情|1|31|8|10|6|0|5|20|0|0|0|0|相传为太上老君授予吕洞宾，人间难觅，至真至胜之剑。
129|剑|金|凡品|太上无情剑·斩情|1|25|5|5|3|0|5|20|0|0|0|0|相传为太上老君授予吕洞宾，人间难觅，至真至胜之剑。
130|剑|金|出类|太上无情剑·斩情|1|26|6|6|4|0|5|20|0|0|0|0|相传为太上老君授予吕洞宾，人间难觅，至真至胜之剑。
131|剑|金|超绝|太上无情剑·斩情|1|27|7|7|5|0|5|20|0|0|0|0|相传为太上老君授予吕洞宾，人间难觅，至真至胜之剑。
132|剑|金|独步|太上无情剑·斩情|1|32|9|10|6|0|5|20|0|0|0|0|相传为太上老君授予吕洞宾，人间难觅，至真至胜之剑。
133|剑|金|凡品|太上无情剑·惜情|1|26|4|5|3|0|5|20|0|0|0|0|相传为太上老君授予吕洞宾，人间难觅，至真至胜之剑。
134|剑|金|出类|太上无情剑·惜情|1|27|5|6|4|0|5|20|0|0|0|0|相传为太上老君授予吕洞宾，人间难觅，至真至胜之剑。
135|剑|金|超绝|太上无情剑·惜情|1|28|6|7|5|0|5|20|0|0|0|0|相传为太上老君授予吕洞宾，人间难觅，至真至胜之剑。
136|剑|金|独步|太上无情剑·惜情|1|33|8|10|6|0|5|20|0|0|0|0|相传为太上老君授予吕洞宾，人间难觅，至真至胜之剑。
137|剑|金|凡品|太上无情剑·无情|1|27|5|5|3|0|5|20|0|0|0|0|相传为太上老君授予吕洞宾，人间难觅，至真至胜之剑。
138|剑|金|出类|太上无情剑·无情|1|28|6|6|4|0|5|20|0|0|0|0|相传为太上老君授予吕洞宾，人间难觅，至真至胜之剑。
139|剑|金|超绝|太上无情剑·无情|1|29|7|7|5|0|5|20|0|0|0|0|相传为太上老君授予吕洞宾，人间难觅，至真至胜之剑。
140|剑|金|独步|太上无情剑·无情|1|34|9|10|6|0|5|20|0|0|0|0|相传为太上老君授予吕洞宾，人间难觅，至真至胜之剑。
141|剑|金|凡品|太上无情剑·忘情|1|28|6|5|3|0|5|20|0|0|0|0|相传为太上老君授予吕洞宾，人间难觅，至真至胜之剑。
142|剑|金|出类|太上无情剑·忘情|1|29|7|6|4|0|5|20|0|0|0|0|相传为太上老君授予吕洞宾，人间难觅，至真至胜之剑。
143|剑|金|超绝|太上无情剑·忘情|1|30|8|7|5|0|5|20|0|0|0|0|相传为太上老君授予吕洞宾，人间难觅，至真至胜之剑。
144|剑|金|独步|太上无情剑·忘情|1|35|10|10|6|0|5|20|0|0|0|0|相传为太上老君授予吕洞宾，人间难觅，至真至胜之剑。
145|剑|金|凡品|逍遥剑法·不得意|1|21|4|5|3|0|5|20|0|0|0|0|逍遥客自创剑法，无招无路，浑然自成。
146|剑|金|出类|逍遥剑法·不得意|1|22|5|6|4|0|5|20|0|0|0|0|逍遥客自创剑法，无招无路，浑然自成。
147|剑|金|超绝|逍遥剑法·不得意|1|23|6|7|5|0|5|20|0|0|0|0|逍遥客自创剑法，无招无路，浑然自成。
148|剑|金|独步|逍遥剑法·不得意|1|28|8|10|6|0|5|20|0|0|0|0|逍遥客自创剑法，无招无路，浑然自成。
149|剑|金|凡品|逍遥剑法·忘归家|1|22|4|5|3|0|5|20|0|0|0|0|逍遥客自创剑法，无招无路，浑然自成。
150|剑|金|出类|逍遥剑法·忘归家|1|23|5|6|4|0|5|20|0|0|0|0|逍遥客自创剑法，无招无路，浑然自成。
151|剑|金|超绝|逍遥剑法·忘归家|1|24|6|7|5|0|5|20|0|0|0|0|逍遥客自创剑法，无招无路，浑然自成。
152|剑|金|独步|逍遥剑法·忘归家|1|29|8|10|6|0|5|20|0|0|0|0|逍遥客自创剑法，无招无路，浑然自成。
153|剑|金|凡品|逍遥剑法·醉生死|1|23|5|5|3|0|5|20|0|0|0|0|逍遥客自创剑法，无招无路，浑然自成。
154|剑|金|出类|逍遥剑法·醉生死|1|24|6|6|4|0|5|20|0|0|0|0|逍遥客自创剑法，无招无路，浑然自成。
155|剑|金|超绝|逍遥剑法·醉生死|1|25|7|7|5|0|5|20|0|0|0|0|逍遥客自创剑法，无招无路，浑然自成。
156|剑|金|独步|逍遥剑法·醉生死|1|30|9|10|6|0|5|20|0|0|0|0|逍遥客自创剑法，无招无路，浑然自成。
157|剑|金|凡品|逍遥剑法·梦虚实|1|24|4|5|3|0|5|20|0|0|0|0|逍遥客自创剑法，无招无路，浑然自成。
158|剑|金|出类|逍遥剑法·梦虚实|1|25|5|6|4|0|5|20|0|0|0|0|逍遥客自创剑法，无招无路，浑然自成。
159|剑|金|超绝|逍遥剑法·梦虚实|1|26|6|7|5|0|5|20|0|0|0|0|逍遥客自创剑法，无招无路，浑然自成。
160|剑|金|独步|逍遥剑法·梦虚实|1|31|8|10|6|0|5|20|0|0|0|0|逍遥客自创剑法，无招无路，浑然自成。
161|剑|金|凡品|逍遥剑法·勘大道|1|25|5|5|3|0|5|20|0|0|0|0|逍遥客自创剑法，无招无路，浑然自成。
162|剑|金|出类|逍遥剑法·勘大道|1|26|6|6|4|0|5|20|0|0|0|0|逍遥客自创剑法，无招无路，浑然自成。
163|剑|金|超绝|逍遥剑法·勘大道|1|27|7|7|5|0|5|20|0|0|0|0|逍遥客自创剑法，无招无路，浑然自成。
164|剑|金|独步|逍遥剑法·勘大道|1|32|9|10|6|0|5|20|0|0|0|0|逍遥客自创剑法，无招无路，浑然自成。
165|剑|金|凡品|逍遥剑法·证逍遥|1|26|6|5|3|0|5|20|0|0|0|0|逍遥客自创剑法，无招无路，浑然自成。
166|剑|金|出类|逍遥剑法·证逍遥|1|27|7|6|4|0|5|20|0|0|0|0|逍遥客自创剑法，无招无路，浑然自成。
167|剑|金|超绝|逍遥剑法·证逍遥|1|28|8|7|5|0|5|20|0|0|0|0|逍遥客自创剑法，无招无路，浑然自成。
168|剑|金|独步|逍遥剑法·证逍遥|1|33|10|10|6|0|5|20|0|0|0|0|逍遥客自创剑法，无招无路，浑然自成。
169|刀|白|凡品|基础刀法|1|10|2|4|0|2|5|1|0|0|0|0|基础刀法
170|刀|白|出类|基础刀法|1|11|2|5|0|2|5|1|0|0|0|0|基础刀法
171|刀|白|超绝|基础刀法|1|12|2|6|0|2|5|1|0|0|0|0|基础刀法
172|刀|白|独步|基础刀法|1|15|5|9|0|4|5|1|0|0|0|0|基础刀法
173|刀|蓝|凡品|八荒刀法·斩棘|1|10|2|4|0|2|5|5|0|0|0|0|颠覆六合，破开八荒的刀法
174|刀|蓝|出类|八荒刀法·斩棘|1|11|2|5|0|2|5|5|0|0|0|0|颠覆六合，破开八荒的刀法
175|刀|蓝|超绝|八荒刀法·斩棘|1|12|2|6|0|2|5|5|0|0|0|0|颠覆六合，破开八荒的刀法
176|刀|蓝|独步|八荒刀法·斩棘|1|15|5|9|0|4|5|5|0|0|0|0|颠覆六合，破开八荒的刀法
177|刀|蓝|凡品|八荒刀法·力敌|1|11|2|4|0|2|5|5|0|0|0|0|颠覆六合，破开八荒的刀法
178|刀|蓝|出类|八荒刀法·力敌|1|12|2|5|0|2|5|5|0|0|0|0|颠覆六合，破开八荒的刀法
179|刀|蓝|超绝|八荒刀法·力敌|1|13|2|6|0|2|5|5|0|0|0|0|颠覆六合，破开八荒的刀法
180|刀|蓝|独步|八荒刀法·力敌|1|16|5|9|0|4|5|5|0|0|0|0|颠覆六合，破开八荒的刀法
181|刀|蓝|凡品|八荒刀法·成天|1|12|2|4|0|2|5|5|0|0|0|0|颠覆六合，破开八荒的刀法
182|刀|蓝|出类|八荒刀法·成天|1|13|2|5|0|2|5|5|0|0|0|0|颠覆六合，破开八荒的刀法
183|刀|蓝|超绝|八荒刀法·成天|1|14|2|6|0|2|5|5|0|0|0|0|颠覆六合，破开八荒的刀法
184|刀|蓝|独步|八荒刀法·成天|1|17|5|9|0|4|5|5|0|0|0|0|颠覆六合，破开八荒的刀法
185|刀|蓝|凡品|梅花刀法·寒梅|1|15|2|4|0|2|5|5|0|0|0|0|梅中悟出的刀法，机敏却不失凌厉。
186|刀|蓝|出类|梅花刀法·寒梅|1|16|2|5|0|2|5|5|0|0|0|0|梅中悟出的刀法，机敏却不失凌厉。
187|刀|蓝|超绝|梅花刀法·寒梅|1|17|2|6|0|2|5|5|0|0|0|0|梅中悟出的刀法，机敏却不失凌厉。
188|刀|蓝|独步|梅花刀法·寒梅|1|20|5|9|0|4|5|5|0|0|0|0|梅中悟出的刀法，机敏却不失凌厉。
189|刀|蓝|凡品|梅花刀法·腊梅|1|16|2|4|0|2|5|5|0|0|0|0|梅中悟出的刀法，机敏却不失凌厉。
190|刀|蓝|出类|梅花刀法·腊梅|1|17|2|5|0|2|5|5|0|0|0|0|梅中悟出的刀法，机敏却不失凌厉。
191|刀|蓝|超绝|梅花刀法·腊梅|1|18|2|6|0|2|5|5|0|0|0|0|梅中悟出的刀法，机敏却不失凌厉。
192|刀|蓝|独步|梅花刀法·腊梅|1|21|5|9|0|4|5|5|0|0|0|0|梅中悟出的刀法，机敏却不失凌厉。
193|刀|蓝|凡品|梅花刀法·墨梅|1|17|2|4|0|2|5|5|0|0|0|0|梅中悟出的刀法，机敏却不失凌厉。
194|刀|蓝|出类|梅花刀法·墨梅|1|18|2|5|0|2|5|5|0|0|0|0|梅中悟出的刀法，机敏却不失凌厉。
195|刀|蓝|超绝|梅花刀法·墨梅|1|19|2|6|0|2|5|5|0|0|0|0|梅中悟出的刀法，机敏却不失凌厉。
196|刀|蓝|独步|梅花刀法·墨梅|1|22|5|9|0|4|5|5|0|0|0|0|梅中悟出的刀法，机敏却不失凌厉。
197|刀|蓝|凡品|梅花刀法·怒梅|1|18|2|4|0|2|5|5|0|0|0|0|梅中悟出的刀法，机敏却不失凌厉。
198|刀|蓝|出类|梅花刀法·怒梅|1|19|2|5|0|2|5|5|0|0|0|0|梅中悟出的刀法，机敏却不失凌厉。
199|刀|蓝|超绝|梅花刀法·怒梅|1|20|2|6|0|2|5|5|0|0|0|0|梅中悟出的刀法，机敏却不失凌厉。
200|刀|蓝|独步|梅花刀法·怒梅|1|24|5|9|0|4|5|5|0|0|0|0|梅中悟出的刀法，机敏却不失凌厉。
201|刀|蓝|凡品|唐刀刀法·一招|1|15|2|4|0|2|5|5|0|0|0|0|唐代刀法，现已失传，仅剩4招残招。
202|刀|蓝|出类|唐刀刀法·一招|1|16|2|5|0|2|5|5|0|0|0|0|唐代刀法，现已失传，仅剩4招残招。
203|刀|蓝|超绝|唐刀刀法·一招|1|17|2|6|0|2|5|5|0|0|0|0|唐代刀法，现已失传，仅剩4招残招。
204|刀|蓝|独步|唐刀刀法·一招|1|20|5|9|0|4|5|5|0|0|0|0|唐代刀法，现已失传，仅剩4招残招。
205|刀|蓝|凡品|唐刀刀法·二招|1|16|2|4|0|2|5|5|0|0|0|0|唐代刀法，现已失传，仅剩4招残招。
206|刀|蓝|出类|唐刀刀法·二招|1|17|2|5|0|2|5|5|0|0|0|0|唐代刀法，现已失传，仅剩4招残招。
207|刀|蓝|超绝|唐刀刀法·二招|1|18|2|6|0|2|5|5|0|0|0|0|唐代刀法，现已失传，仅剩4招残招。
208|刀|蓝|独步|唐刀刀法·二招|1|21|5|9|0|4|5|5|0|0|0|0|唐代刀法，现已失传，仅剩4招残招。
209|刀|蓝|凡品|唐刀刀法·四招|1|17|2|4|0|2|5|5|0|0|0|0|唐代刀法，现已失传，仅剩4招残招。
210|刀|蓝|出类|唐刀刀法·四招|1|18|2|5|0|2|5|5|0|0|0|0|唐代刀法，现已失传，仅剩4招残招。
211|刀|蓝|超绝|唐刀刀法·四招|1|19|2|6|0|2|5|5|0|0|0|0|唐代刀法，现已失传，仅剩4招残招。
212|刀|蓝|独步|唐刀刀法·四招|1|22|5|9|0|4|5|5|0|0|0|0|唐代刀法，现已失传，仅剩4招残招。
213|刀|蓝|凡品|唐刀刀法·九招|1|18|2|4|0|2|5|5|0|0|0|0|唐代刀法，现已失传，仅剩4招残招。
214|刀|蓝|出类|唐刀刀法·九招|1|19|2|5|0|2|5|5|0|0|0|0|唐代刀法，现已失传，仅剩4招残招。
215|刀|蓝|超绝|唐刀刀法·九招|1|20|2|6|0|2|5|5|0|0|0|0|唐代刀法，现已失传，仅剩4招残招。
216|刀|蓝|独步|唐刀刀法·九招|1|24|5|9|0|4|5|5|0|0|0|0|唐代刀法，现已失传，仅剩4招残招。
217|刀|紫|凡品|太乙刀法·推刀|1|22|2|4|0|2|5|10|0|0|0|0|相传为太乙真人所授，得刀法精髓。
218|刀|紫|出类|太乙刀法·推刀|1|23|2|5|0|2|5|10|0|0|0|0|相传为太乙真人所授，得刀法精髓。
219|刀|紫|超绝|太乙刀法·推刀|1|24|2|6|0|2|5|10|0|0|0|0|相传为太乙真人所授，得刀法精髓。
220|刀|紫|独步|太乙刀法·推刀|1|27|5|9|0|2|5|10|0|0|0|0|相传为太乙真人所授，得刀法精髓。
221|刀|紫|凡品|太乙刀法·劈刀|1|25|2|4|0|2|5|10|0|0|0|0|相传为太乙真人所授，得刀法精髓。
222|刀|紫|出类|太乙刀法·劈刀|1|26|2|5|0|2|5|10|0|0|0|0|相传为太乙真人所授，得刀法精髓。
223|刀|紫|超绝|太乙刀法·劈刀|1|27|2|6|0|2|5|10|0|0|0|0|相传为太乙真人所授，得刀法精髓。
224|刀|紫|独步|太乙刀法·劈刀|1|30|5|9|0|2|5|10|0|0|0|0|相传为太乙真人所授，得刀法精髓。
225|刀|紫|凡品|太乙刀法·反手刀|1|26|5|4|0|2|5|10|0|0|0|0|相传为太乙真人所授，得刀法精髓。
226|刀|紫|出类|太乙刀法·反手刀|1|27|5|5|0|2|5|10|0|0|0|0|相传为太乙真人所授，得刀法精髓。
227|刀|紫|超绝|太乙刀法·反手刀|1|28|5|6|0|2|5|10|0|0|0|0|相传为太乙真人所授，得刀法精髓。
228|刀|紫|独步|太乙刀法·反手刀|1|31|5|9|0|2|5|10|0|0|0|0|相传为太乙真人所授，得刀法精髓。
229|刀|紫|凡品|太乙刀法·斩刀|1|27|2|4|0|3|5|10|0|0|0|0|相传为太乙真人所授，得刀法精髓。
230|刀|紫|出类|太乙刀法·斩刀|1|28|2|5|0|3|5|10|0|0|0|0|相传为太乙真人所授，得刀法精髓。
231|刀|紫|超绝|太乙刀法·斩刀|1|29|2|6|0|3|5|10|0|0|0|0|相传为太乙真人所授，得刀法精髓。
232|刀|紫|独步|太乙刀法·斩刀|1|32|5|9|0|3|5|10|0|0|0|0|相传为太乙真人所授，得刀法精髓。
233|刀|紫|凡品|太乙刀法·突刀|1|23|2|4|0|4|5|10|0|0|0|0|相传为太乙真人所授，得刀法精髓。
234|刀|紫|出类|太乙刀法·突刀|1|24|2|5|0|4|5|10|0|0|0|0|相传为太乙真人所授，得刀法精髓。
235|刀|紫|超绝|太乙刀法·突刀|1|25|2|6|0|4|5|10|0|0|0|0|相传为太乙真人所授，得刀法精髓。
236|刀|紫|独步|太乙刀法·突刀|1|28|5|9|0|4|5|10|0|0|0|0|相传为太乙真人所授，得刀法精髓。
237|刀|紫|凡品|金乌拜日刀·抱刀|1|25|2|4|0|3|5|10|0|0|0|0|金乌门绝技，从金乌啼日中悟出。
238|刀|紫|出类|金乌拜日刀·抱刀|1|26|2|5|0|3|5|10|0|0|0|0|金乌门绝技，从金乌啼日中悟出。
239|刀|紫|超绝|金乌拜日刀·抱刀|1|27|2|6|0|3|5|10|0|0|0|0|金乌门绝技，从金乌啼日中悟出。
240|刀|紫|独步|金乌拜日刀·抱刀|1|30|5|9|0|3|5|10|0|0|0|0|金乌门绝技，从金乌啼日中悟出。
241|刀|紫|凡品|金乌拜日刀·拖刀|1|26|2|4|0|3|5|10|0|0|0|0|金乌门绝技，从金乌啼日中悟出。
242|刀|紫|出类|金乌拜日刀·拖刀|1|27|2|5|0|3|5|10|0|0|0|0|金乌门绝技，从金乌啼日中悟出。
243|刀|紫|超绝|金乌拜日刀·拖刀|1|28|2|6|0|3|5|10|0|0|0|0|金乌门绝技，从金乌啼日中悟出。
244|刀|紫|独步|金乌拜日刀·拖刀|1|31|5|9|0|3|5|10|0|0|0|0|金乌门绝技，从金乌啼日中悟出。
245|刀|紫|凡品|金乌拜日刀·砍刀|1|27|2|4|0|4|5|10|0|0|0|0|金乌门绝技，从金乌啼日中悟出。
246|刀|紫|出类|金乌拜日刀·砍刀|1|28|2|5|0|4|5|10|0|0|0|0|金乌门绝技，从金乌啼日中悟出。
247|刀|紫|超绝|金乌拜日刀·砍刀|1|29|2|6|0|4|5|10|0|0|0|0|金乌门绝技，从金乌啼日中悟出。
248|刀|紫|独步|金乌拜日刀·砍刀|1|32|5|9|0|4|5|10|0|0|0|0|金乌门绝技，从金乌啼日中悟出。
249|刀|紫|凡品|金乌拜日刀·截刀|1|28|2|4|0|4|5|10|0|0|0|0|金乌门绝技，从金乌啼日中悟出。
250|刀|紫|出类|金乌拜日刀·截刀|1|29|2|5|0|4|5|10|0|0|0|0|金乌门绝技，从金乌啼日中悟出。
251|刀|紫|超绝|金乌拜日刀·截刀|1|30|2|6|0|4|5|10|0|0|0|0|金乌门绝技，从金乌啼日中悟出。
252|刀|紫|独步|金乌拜日刀·截刀|1|33|5|9|0|4|5|10|0|0|0|0|金乌门绝技，从金乌啼日中悟出。
253|刀|紫|凡品|苗刀刀法·虚步|1|25|2|4|0|3|5|10|0|0|0|0|苗疆土寨刀法，蛮民所用，多诡诈奇袭。
254|刀|紫|出类|苗刀刀法·虚步|1|26|2|5|0|3|5|10|0|0|0|0|苗疆土寨刀法，蛮民所用，多诡诈奇袭。
255|刀|紫|超绝|苗刀刀法·虚步|1|27|2|6|0|3|5|10|0|0|0|0|苗疆土寨刀法，蛮民所用，多诡诈奇袭。
256|刀|紫|独步|苗刀刀法·虚步|1|30|5|9|0|3|5|10|0|0|0|0|苗疆土寨刀法，蛮民所用，多诡诈奇袭。
257|刀|紫|凡品|苗刀刀法·藏刀|1|27|2|4|0|3|5|10|0|0|0|0|苗疆土寨刀法，蛮民所用，多诡诈奇袭。
258|刀|紫|出类|苗刀刀法·藏刀|1|28|2|5|0|3|5|10|0|0|0|0|苗疆土寨刀法，蛮民所用，多诡诈奇袭。
259|刀|紫|超绝|苗刀刀法·藏刀|1|29|2|6|0|3|5|10|0|0|0|0|苗疆土寨刀法，蛮民所用，多诡诈奇袭。
260|刀|紫|独步|苗刀刀法·藏刀|1|32|5|9|0|3|5|10|0|0|0|0|苗疆土寨刀法，蛮民所用，多诡诈奇袭。
261|刀|紫|凡品|苗刀刀法·劈刀|1|31|2|4|0|4|5|10|0|0|0|0|苗疆土寨刀法，蛮民所用，多诡诈奇袭。
262|刀|紫|出类|苗刀刀法·劈刀|1|32|2|5|0|4|5|10|0|0|0|0|苗疆土寨刀法，蛮民所用，多诡诈奇袭。
263|刀|紫|超绝|苗刀刀法·劈刀|1|33|2|6|0|4|5|10|0|0|0|0|苗疆土寨刀法，蛮民所用，多诡诈奇袭。
264|刀|紫|独步|苗刀刀法·劈刀|1|36|5|9|0|4|5|10|0|0|0|0|苗疆土寨刀法，蛮民所用，多诡诈奇袭。
265|刀|紫|凡品|石天一流·左胁|1|28|2|4|0|4|5|10|0|0|0|0|出自倭岛海盗的刀法，讲究一气呵成。
266|刀|紫|出类|石天一流·左胁|1|29|2|5|0|4|5|10|0|0|0|0|出自倭岛海盗的刀法，讲究一气呵成。
267|刀|紫|超绝|石天一流·左胁|1|30|2|6|0|4|5|10|0|0|0|0|出自倭岛海盗的刀法，讲究一气呵成。
268|刀|紫|独步|石天一流·左胁|1|33|5|9|0|4|5|10|0|0|0|0|出自倭岛海盗的刀法，讲究一气呵成。
269|刀|紫|凡品|石天一流·夺先|1|26|4|4|0|4|5|10|0|0|0|0|出自倭岛海盗的刀法，讲究一气呵成。
270|刀|紫|出类|石天一流·夺先|1|27|4|5|0|4|5|10|0|0|0|0|出自倭岛海盗的刀法，讲究一气呵成。
271|刀|紫|超绝|石天一流·夺先|1|28|4|6|0|4|5|10|0|0|0|0|出自倭岛海盗的刀法，讲究一气呵成。
272|刀|紫|独步|石天一流·夺先|1|31|5|9|0|4|5|10|0|0|0|0|出自倭岛海盗的刀法，讲究一气呵成。
273|刀|紫|凡品|石天一流·影击|1|31|2|4|0|4|5|10|0|0|0|0|出自倭岛海盗的刀法，讲究一气呵成。
274|刀|紫|出类|石天一流·影击|1|32|2|5|0|4|5|10|0|0|0|0|出自倭岛海盗的刀法，讲究一气呵成。
275|刀|紫|超绝|石天一流·影击|1|33|2|6|0|4|5|10|0|0|0|0|出自倭岛海盗的刀法，讲究一气呵成。
276|刀|紫|独步|石天一流·影击|1|36|5|9|0|4|5|10|0|0|0|0|出自倭岛海盗的刀法，讲究一气呵成。
277|刀|金|凡品|屠龙刀法·扑象|1|35|2|4|0|4|5|20|0|0|0|0|江湖绝技，据传有搏狮屠龙之力。
278|刀|金|出类|屠龙刀法·扑象|1|36|3|5|0|4|5|20|0|0|0|0|江湖绝技，据传有搏狮屠龙之力。
279|刀|金|超绝|屠龙刀法·扑象|1|37|4|6|0|4|5|20|0|0|0|0|江湖绝技，据传有搏狮屠龙之力。
280|刀|金|独步|屠龙刀法·扑象|1|40|5|9|0|4|5|20|0|0|0|0|江湖绝技，据传有搏狮屠龙之力。
281|刀|金|凡品|屠龙刀法·伏虎|1|36|2|4|0|4|5|20|0|0|0|0|江湖绝技，据传有搏狮屠龙之力。
282|刀|金|出类|屠龙刀法·伏虎|1|37|3|5|0|4|5|20|0|0|0|0|江湖绝技，据传有搏狮屠龙之力。
283|刀|金|超绝|屠龙刀法·伏虎|1|38|4|6|0|4|5|20|0|0|0|0|江湖绝技，据传有搏狮屠龙之力。
284|刀|金|独步|屠龙刀法·伏虎|1|41|5|9|0|4|5|20|0|0|0|0|江湖绝技，据传有搏狮屠龙之力。
285|刀|金|凡品|屠龙刀法·搏狮|1|36|2|4|0|4|5|20|0|0|0|0|江湖绝技，据传有搏狮屠龙之力。
286|刀|金|出类|屠龙刀法·搏狮|1|37|3|5|0|4|5|20|0|0|0|0|江湖绝技，据传有搏狮屠龙之力。
287|刀|金|超绝|屠龙刀法·搏狮|1|38|4|6|0|4|5|20|0|0|0|0|江湖绝技，据传有搏狮屠龙之力。
288|刀|金|独步|屠龙刀法·搏狮|1|41|5|9|0|4|5|20|0|0|0|0|江湖绝技，据传有搏狮屠龙之力。
289|刀|金|凡品|屠龙刀法·斩狼|1|35|2|4|0|4|5|20|0|0|0|0|江湖绝技，据传有搏狮屠龙之力。
290|刀|金|出类|屠龙刀法·斩狼|1|36|3|5|0|4|5|20|0|0|0|0|江湖绝技，据传有搏狮屠龙之力。
291|刀|金|超绝|屠龙刀法·斩狼|1|37|4|6|0|4|5|20|0|0|0|0|江湖绝技，据传有搏狮屠龙之力。
292|刀|金|独步|屠龙刀法·斩狼|1|40|5|9|0|4|5|20|0|0|0|0|江湖绝技，据传有搏狮屠龙之力。
293|刀|金|凡品|屠龙刀法·却鹰|1|35|2|4|0|4|5|20|0|0|0|0|江湖绝技，据传有搏狮屠龙之力。
294|刀|金|出类|屠龙刀法·却鹰|1|36|3|5|0|4|5|20|0|0|0|0|江湖绝技，据传有搏狮屠龙之力。
295|刀|金|超绝|屠龙刀法·却鹰|1|37|4|6|0|4|5|20|0|0|0|0|江湖绝技，据传有搏狮屠龙之力。
296|刀|金|独步|屠龙刀法·却鹰|1|40|5|9|0|4|5|20|0|0|0|0|江湖绝技，据传有搏狮屠龙之力。
297|刀|金|凡品|屠龙刀法·驱蛇|1|35|2|4|0|4|5|20|0|0|0|0|江湖绝技，据传有搏狮屠龙之力。
298|刀|金|出类|屠龙刀法·驱蛇|1|36|3|5|0|4|5|20|0|0|0|0|江湖绝技，据传有搏狮屠龙之力。
299|刀|金|超绝|屠龙刀法·驱蛇|1|37|4|6|0|4|5|20|0|0|0|0|江湖绝技，据传有搏狮屠龙之力。
300|刀|金|独步|屠龙刀法·驱蛇|1|40|5|9|0|4|5|20|0|0|0|0|江湖绝技，据传有搏狮屠龙之力。
301|刀|金|凡品|屠龙刀法·擒凤|1|37|2|4|0|4|5|20|0|0|0|0|江湖绝技，据传有搏狮屠龙之力。
302|刀|金|出类|屠龙刀法·擒凤|1|38|3|5|0|4|5|20|0|0|0|0|江湖绝技，据传有搏狮屠龙之力。
303|刀|金|超绝|屠龙刀法·擒凤|1|39|4|6|0|4|5|20|0|0|0|0|江湖绝技，据传有搏狮屠龙之力。
304|刀|金|独步|屠龙刀法·擒凤|1|42|5|9|0|4|5|20|0|0|0|0|江湖绝技，据传有搏狮屠龙之力。
305|刀|金|凡品|屠龙刀法·屠龙|1|40|2|4|0|4|5|20|0|0|0|0|江湖绝技，据传有搏狮屠龙之力。
306|刀|金|出类|屠龙刀法·屠龙|1|41|3|5|0|4|5|20|0|0|0|0|江湖绝技，据传有搏狮屠龙之力。
307|刀|金|超绝|屠龙刀法·屠龙|1|42|4|6|0|4|5|20|0|0|0|0|江湖绝技，据传有搏狮屠龙之力。
308|刀|金|独步|屠龙刀法·屠龙|1|45|5|9|0|4|5|20|0|0|0|0|江湖绝技，据传有搏狮屠龙之力。
309|刀|金|凡品|霸王刀法·横扫|1|40|2|4|0|4|5|20|0|0|0|0|据传为西楚霸王项羽所用刀法，刚猛至烈。
310|刀|金|出类|霸王刀法·横扫|1|41|3|5|0|4|5|20|0|0|0|0|据传为西楚霸王项羽所用刀法，刚猛至烈。
311|刀|金|超绝|霸王刀法·横扫|1|42|4|6|0|4|5|20|0|0|0|0|据传为西楚霸王项羽所用刀法，刚猛至烈。
312|刀|金|独步|霸王刀法·横扫|1|45|5|9|0|4|5|20|0|0|0|0|据传为西楚霸王项羽所用刀法，刚猛至烈。
313|刀|金|凡品|霸王刀法·怒袭|1|40|2|4|0|4|5|20|0|0|0|0|据传为西楚霸王项羽所用刀法，刚猛至烈。
314|刀|金|出类|霸王刀法·怒袭|1|41|3|5|0|4|5|20|0|0|0|0|据传为西楚霸王项羽所用刀法，刚猛至烈。
315|刀|金|超绝|霸王刀法·怒袭|1|42|4|6|0|4|5|20|0|0|0|0|据传为西楚霸王项羽所用刀法，刚猛至烈。
316|刀|金|独步|霸王刀法·怒袭|1|45|5|9|0|4|5|20|0|0|0|0|据传为西楚霸王项羽所用刀法，刚猛至烈。
317|刀|金|凡品|霸王刀法·斩将|1|40|2|4|0|4|5|20|0|0|0|0|据传为西楚霸王项羽所用刀法，刚猛至烈。
318|刀|金|出类|霸王刀法·斩将|1|41|3|5|0|4|5|20|0|0|0|0|据传为西楚霸王项羽所用刀法，刚猛至烈。
319|刀|金|超绝|霸王刀法·斩将|1|42|4|6|0|4|5|20|0|0|0|0|据传为西楚霸王项羽所用刀法，刚猛至烈。
320|刀|金|独步|霸王刀法·斩将|1|45|5|9|0|4|5|20|0|0|0|0|据传为西楚霸王项羽所用刀法，刚猛至烈。
321|刀|金|凡品|霸王刀法·破军|1|40|2|4|0|4|5|20|0|0|0|0|据传为西楚霸王项羽所用刀法，刚猛至烈。
322|刀|金|出类|霸王刀法·破军|1|41|3|5|0|4|5|20|0|0|0|0|据传为西楚霸王项羽所用刀法，刚猛至烈。
323|刀|金|超绝|霸王刀法·破军|1|42|4|6|0|4|5|20|0|0|0|0|据传为西楚霸王项羽所用刀法，刚猛至烈。
324|刀|金|独步|霸王刀法·破军|1|45|5|9|0|4|5|20|0|0|0|0|据传为西楚霸王项羽所用刀法，刚猛至烈。
325|刀|金|凡品|霸王刀法·断离|1|40|2|4|0|4|5|20|0|0|0|0|据传为西楚霸王项羽所用刀法，刚猛至烈。
326|刀|金|出类|霸王刀法·断离|1|41|3|5|0|4|5|20|0|0|0|0|据传为西楚霸王项羽所用刀法，刚猛至烈。
327|刀|金|超绝|霸王刀法·断离|1|42|4|6|0|4|5|20|0|0|0|0|据传为西楚霸王项羽所用刀法，刚猛至烈。
328|刀|金|独步|霸王刀法·断离|1|45|5|9|0|4|5|20|0|0|0|0|据传为西楚霸王项羽所用刀法，刚猛至烈。
329|刀|金|凡品|霸王刀法·平敌|1|40|2|4|0|4|5|20|0|0|0|0|据传为西楚霸王项羽所用刀法，刚猛至烈。
330|刀|金|出类|霸王刀法·平敌|1|41|3|5|0|4|5|20|0|0|0|0|据传为西楚霸王项羽所用刀法，刚猛至烈。
331|刀|金|超绝|霸王刀法·平敌|1|42|4|6|0|4|5|20|0|0|0|0|据传为西楚霸王项羽所用刀法，刚猛至烈。
332|刀|金|独步|霸王刀法·平敌|1|45|5|9|0|4|5|20|0|0|0|0|据传为西楚霸王项羽所用刀法，刚猛至烈。
333|枪|白|凡品|基础枪法|1|35|2|0|0|10|5|1|0|0|0|0|基础枪法
334|枪|白|出类|基础枪法|1|36|2|0|0|11|5|1|0|0|0|0|基础枪法
335|枪|白|超绝|基础枪法|1|37|2|0|0|12|5|1|0|0|0|0|基础枪法
336|枪|白|独步|基础枪法|1|40|5|2|0|15|5|1|0|0|0|0|基础枪法
337|枪|蓝|凡品|八荒枪法·点岳|1|37|2|0|0|12|5|5|0|0|0|0|上古时代传下的枪法，据说是从山河转移中悟出，但现存仅剩三式残招。
338|枪|蓝|出类|八荒枪法·点岳|1|38|2|0|0|13|5|5|0|0|0|0|上古时代传下的枪法，据说是从山河转移中悟出，但现存仅剩三式残招。
339|枪|蓝|超绝|八荒枪法·点岳|1|39|2|0|0|14|5|5|0|0|0|0|上古时代传下的枪法，据说是从山河转移中悟出，但现存仅剩三式残招。
340|枪|蓝|独步|八荒枪法·点岳|1|42|5|2|0|17|5|5|0|0|0|0|上古时代传下的枪法，据说是从山河转移中悟出，但现存仅剩三式残招。
341|枪|蓝|凡品|八荒枪法·镇山|1|38|2|0|0|12|5|5|0|0|0|0|上古时代传下的枪法，据说是从山河转移中悟出，但现存仅剩三式残招。
342|枪|蓝|出类|八荒枪法·镇山|1|39|2|0|0|13|5|5|0|0|0|0|上古时代传下的枪法，据说是从山河转移中悟出，但现存仅剩三式残招。
343|枪|蓝|超绝|八荒枪法·镇山|1|40|2|0|0|14|5|5|0|0|0|0|上古时代传下的枪法，据说是从山河转移中悟出，但现存仅剩三式残招。
344|枪|蓝|独步|八荒枪法·镇山|1|43|5|2|0|17|5|5|0|0|0|0|上古时代传下的枪法，据说是从山河转移中悟出，但现存仅剩三式残招。
345|枪|蓝|凡品|八荒枪法·锁岁|1|40|2|0|0|12|5|5|0|0|0|0|上古时代传下的枪法，据说是从山河转移中悟出，但现存仅剩三式残招。
346|枪|蓝|出类|八荒枪法·锁岁|1|41|2|0|0|13|5|5|0|0|0|0|上古时代传下的枪法，据说是从山河转移中悟出，但现存仅剩三式残招。
347|枪|蓝|超绝|八荒枪法·锁岁|1|42|2|0|0|14|5|5|0|0|0|0|上古时代传下的枪法，据说是从山河转移中悟出，但现存仅剩三式残招。
348|枪|蓝|独步|八荒枪法·锁岁|1|45|5|2|0|17|5|5|0|0|0|0|上古时代传下的枪法，据说是从山河转移中悟出，但现存仅剩三式残招。
349|枪|蓝|凡品|连营枪法·吹角|1|38|2|0|0|12|5|5|0|0|0|0|传自唐朝步军枪阵战法，招式简单，威力强劲。
350|枪|蓝|出类|连营枪法·吹角|1|39|2|0|0|13|5|5|0|0|0|0|传自唐朝步军枪阵战法，招式简单，威力强劲。
351|枪|蓝|超绝|连营枪法·吹角|1|40|2|0|0|14|5|5|0|0|0|0|传自唐朝步军枪阵战法，招式简单，威力强劲。
352|枪|蓝|独步|连营枪法·吹角|1|43|5|2|0|17|5|5|0|0|0|0|传自唐朝步军枪阵战法，招式简单，威力强劲。
353|枪|蓝|凡品|连营枪法·锁阵|1|39|2|0|0|12|5|5|0|0|0|0|传自唐朝步军枪阵战法，招式简单，威力强劲。
354|枪|蓝|出类|连营枪法·锁阵|1|40|2|0|0|13|5|5|0|0|0|0|传自唐朝步军枪阵战法，招式简单，威力强劲。
355|枪|蓝|超绝|连营枪法·锁阵|1|41|2|0|0|14|5|5|0|0|0|0|传自唐朝步军枪阵战法，招式简单，威力强劲。
356|枪|蓝|独步|连营枪法·锁阵|1|44|5|2|0|17|5|5|0|0|0|0|传自唐朝步军枪阵战法，招式简单，威力强劲。
357|枪|蓝|凡品|连营枪法·退敌|1|40|2|0|0|12|5|5|0|0|0|0|传自唐朝步军枪阵战法，招式简单，威力强劲。
358|枪|蓝|出类|连营枪法·退敌|1|41|2|0|0|13|5|5|0|0|0|0|传自唐朝步军枪阵战法，招式简单，威力强劲。
359|枪|蓝|超绝|连营枪法·退敌|1|42|2|0|0|14|5|5|0|0|0|0|传自唐朝步军枪阵战法，招式简单，威力强劲。
360|枪|蓝|独步|连营枪法·退敌|1|45|5|2|0|17|5|5|0|0|0|0|传自唐朝步军枪阵战法，招式简单，威力强劲。
361|枪|蓝|凡品|连营枪法·连营|1|41|2|0|0|12|5|5|0|0|0|0|传自唐朝步军枪阵战法，招式简单，威力强劲。
362|枪|蓝|出类|连营枪法·连营|1|42|2|0|0|13|5|5|0|0|0|0|传自唐朝步军枪阵战法，招式简单，威力强劲。
363|枪|蓝|超绝|连营枪法·连营|1|43|2|0|0|14|5|5|0|0|0|0|传自唐朝步军枪阵战法，招式简单，威力强劲。
364|枪|蓝|独步|连营枪法·连营|1|46|5|2|0|17|5|5|0|0|0|0|传自唐朝步军枪阵战法，招式简单，威力强劲。
365|枪|蓝|凡品|破军枪法·横扫|1|38|2|0|0|12|5|5|0|0|0|0|高阶步军枪阵战法，招式简单，威力强劲。
366|枪|蓝|出类|破军枪法·横扫|1|39|2|0|0|13|5|5|0|0|0|0|高阶步军枪阵战法，招式简单，威力强劲。
367|枪|蓝|超绝|破军枪法·横扫|1|40|2|0|0|14|5|5|0|0|0|0|高阶步军枪阵战法，招式简单，威力强劲。
368|枪|蓝|独步|破军枪法·横扫|1|43|5|2|0|17|5|5|0|0|0|0|高阶步军枪阵战法，招式简单，威力强劲。
369|枪|蓝|凡品|破军枪法·出骑|1|39|2|0|0|12|5|5|0|0|0|0|高阶步军枪阵战法，招式简单，威力强劲。
370|枪|蓝|出类|破军枪法·出骑|1|40|2|0|0|13|5|5|0|0|0|0|高阶步军枪阵战法，招式简单，威力强劲。
371|枪|蓝|超绝|破军枪法·出骑|1|41|2|0|0|14|5|5|0|0|0|0|高阶步军枪阵战法，招式简单，威力强劲。
372|枪|蓝|独步|破军枪法·出骑|1|44|5|2|0|17|5|5|0|0|0|0|高阶步军枪阵战法，招式简单，威力强劲。
373|枪|蓝|凡品|破军枪法·索敌|1|40|2|0|0|12|5|5|0|0|0|0|高阶步军枪阵战法，招式简单，威力强劲。
374|枪|蓝|出类|破军枪法·索敌|1|41|2|0|0|13|5|5|0|0|0|0|高阶步军枪阵战法，招式简单，威力强劲。
375|枪|蓝|超绝|破军枪法·索敌|1|42|2|0|0|14|5|5|0|0|0|0|高阶步军枪阵战法，招式简单，威力强劲。
376|枪|蓝|独步|破军枪法·索敌|1|45|5|2|0|17|5|5|0|0|0|0|高阶步军枪阵战法，招式简单，威力强劲。
377|枪|蓝|凡品|破军枪法·平定|1|41|2|2|0|12|5|5|0|0|0|0|高阶步军枪阵战法，招式简单，威力强劲。
378|枪|蓝|出类|破军枪法·平定|1|42|2|2|0|13|5|5|0|0|0|0|高阶步军枪阵战法，招式简单，威力强劲。
379|枪|蓝|超绝|破军枪法·平定|1|43|2|2|0|14|5|5|0|0|0|0|高阶步军枪阵战法，招式简单，威力强劲。
380|枪|蓝|独步|破军枪法·平定|1|46|5|3|0|17|5|5|0|0|0|0|高阶步军枪阵战法，招式简单，威力强劲。
381|枪|紫|凡品|杨家枪法·追魂|1|40|5|2|0|10|5|10|0|0|0|0|相传为杨家祖传枪法，攻守均衡。
382|枪|紫|出类|杨家枪法·追魂|1|41|5|2|0|11|5|10|0|0|0|0|相传为杨家祖传枪法，攻守均衡。
383|枪|紫|超绝|杨家枪法·追魂|1|42|5|2|0|12|5|10|0|0|0|0|相传为杨家祖传枪法，攻守均衡。
384|枪|紫|独步|杨家枪法·追魂|1|45|7|3|0|15|5|10|0|0|0|0|相传为杨家祖传枪法，攻守均衡。
385|枪|紫|凡品|杨家枪法·拒马|1|42|5|2|0|13|5|10|0|0|0|0|相传为杨家祖传枪法，攻守均衡。
386|枪|紫|出类|杨家枪法·拒马|1|43|5|2|0|14|5|10|0|0|0|0|相传为杨家祖传枪法，攻守均衡。
387|枪|紫|超绝|杨家枪法·拒马|1|44|5|2|0|15|5|10|0|0|0|0|相传为杨家祖传枪法，攻守均衡。
388|枪|紫|独步|杨家枪法·拒马|1|47|7|3|0|18|5|10|0|0|0|0|相传为杨家祖传枪法，攻守均衡。
389|枪|紫|凡品|杨家枪法·折戟|1|44|4|2|0|18|5|10|0|0|0|0|相传为杨家祖传枪法，攻守均衡。
390|枪|紫|出类|杨家枪法·折戟|1|45|4|2|0|19|5|10|0|0|0|0|相传为杨家祖传枪法，攻守均衡。
391|枪|紫|超绝|杨家枪法·折戟|1|46|4|2|0|20|5|10|0|0|0|0|相传为杨家祖传枪法，攻守均衡。
392|枪|紫|独步|杨家枪法·折戟|1|49|6|3|0|23|5|10|0|0|0|0|相传为杨家祖传枪法，攻守均衡。
393|枪|紫|凡品|杨家枪法·荡平|1|45|4|2|0|18|5|10|0|0|0|0|相传为杨家祖传枪法，攻守均衡。
394|枪|紫|出类|杨家枪法·荡平|1|46|4|2|0|19|5|10|0|0|0|0|相传为杨家祖传枪法，攻守均衡。
395|枪|紫|超绝|杨家枪法·荡平|1|47|4|2|0|20|5|10|0|0|0|0|相传为杨家祖传枪法，攻守均衡。
396|枪|紫|独步|杨家枪法·荡平|1|50|6|3|0|23|5|10|0|0|0|0|相传为杨家祖传枪法，攻守均衡。
397|枪|紫|凡品|杨家枪法·镇岳|1|47|3|2|0|20|5|10|0|0|0|0|相传为杨家祖传枪法，攻守均衡。
398|枪|紫|出类|杨家枪法·镇岳|1|48|3|2|0|21|5|10|0|0|0|0|相传为杨家祖传枪法，攻守均衡。
399|枪|紫|超绝|杨家枪法·镇岳|1|49|3|2|0|22|5|10|0|0|0|0|相传为杨家祖传枪法，攻守均衡。
400|枪|紫|独步|杨家枪法·镇岳|1|52|5|3|0|25|5|10|0|0|0|0|相传为杨家祖传枪法，攻守均衡。
401|枪|紫|凡品|太极枪法·拨山|1|44|4|2|0|18|5|10|0|0|0|0|自太极两仪中悟出的枪法，各项能力均衡。
402|枪|紫|出类|太极枪法·拨山|1|45|4|2|0|19|5|10|0|0|0|0|自太极两仪中悟出的枪法，各项能力均衡。
403|枪|紫|超绝|太极枪法·拨山|1|46|4|2|0|20|5|10|0|0|0|0|自太极两仪中悟出的枪法，各项能力均衡。
404|枪|紫|独步|太极枪法·拨山|1|49|6|3|0|23|5|10|0|0|0|0|自太极两仪中悟出的枪法，各项能力均衡。
405|枪|紫|凡品|太极枪法·扫荡|1|45|4|2|0|18|5|10|0|0|0|0|自太极两仪中悟出的枪法，各项能力均衡。
406|枪|紫|出类|太极枪法·扫荡|1|46|4|2|0|19|5|10|0|0|0|0|自太极两仪中悟出的枪法，各项能力均衡。
407|枪|紫|超绝|太极枪法·扫荡|1|47|4|2|0|20|5|10|0|0|0|0|自太极两仪中悟出的枪法，各项能力均衡。
408|枪|紫|独步|太极枪法·扫荡|1|50|6|3|0|23|5|10|0|0|0|0|自太极两仪中悟出的枪法，各项能力均衡。
409|枪|紫|凡品|太极枪法·碎甲|1|47|3|2|0|20|5|10|0|0|0|0|自太极两仪中悟出的枪法，各项能力均衡。
410|枪|紫|出类|太极枪法·碎甲|1|48|3|2|0|21|5|10|0|0|0|0|自太极两仪中悟出的枪法，各项能力均衡。
411|枪|紫|超绝|太极枪法·碎甲|1|49|3|2|0|22|5|10|0|0|0|0|自太极两仪中悟出的枪法，各项能力均衡。
412|枪|紫|独步|太极枪法·碎甲|1|53|5|3|0|25|5|10|0|0|0|0|自太极两仪中悟出的枪法，各项能力均衡。
413|枪|紫|凡品|太极枪法·破魂|1|48|3|2|0|20|5|10|0|0|0|0|自太极两仪中悟出的枪法，各项能力均衡。
414|枪|紫|出类|太极枪法·破魂|1|49|3|2|0|21|5|10|0|0|0|0|自太极两仪中悟出的枪法，各项能力均衡。
415|枪|紫|超绝|太极枪法·破魂|1|50|3|2|0|22|5|10|0|0|0|0|自太极两仪中悟出的枪法，各项能力均衡。
416|枪|紫|独步|太极枪法·破魂|1|53|5|3|0|25|5|10|0|0|0|0|自太极两仪中悟出的枪法，各项能力均衡。
417|枪|紫|凡品|长河落日枪·鹰击|1|50|3|1|0|23|5|10|0|0|0|0|奇侠李长河所用枪法，重攻轻守，施展时有一往无前之勇。
418|枪|紫|出类|长河落日枪·鹰击|1|51|3|1|0|24|5|10|0|0|0|0|奇侠李长河所用枪法，重攻轻守，施展时有一往无前之勇。
419|枪|紫|超绝|长河落日枪·鹰击|1|52|3|1|0|25|5|10|0|0|0|0|奇侠李长河所用枪法，重攻轻守，施展时有一往无前之勇。
420|枪|紫|独步|长河落日枪·鹰击|1|55|5|2|0|28|5|10|0|0|0|0|奇侠李长河所用枪法，重攻轻守，施展时有一往无前之勇。
421|枪|紫|凡品|长河落日枪·长虹|1|51|3|1|0|23|5|10|0|0|0|0|奇侠李长河所用枪法，重攻轻守，施展时有一往无前之勇。
422|枪|紫|出类|长河落日枪·长虹|1|52|3|1|0|24|5|10|0|0|0|0|奇侠李长河所用枪法，重攻轻守，施展时有一往无前之勇。
423|枪|紫|超绝|长河落日枪·长虹|1|53|3|1|0|25|5|10|0|0|0|0|奇侠李长河所用枪法，重攻轻守，施展时有一往无前之勇。
424|枪|紫|独步|长河落日枪·长虹|1|56|5|2|0|28|5|10|0|0|0|0|奇侠李长河所用枪法，重攻轻守，施展时有一往无前之勇。
425|枪|紫|凡品|长河落日枪·雷霆|1|52|3|1|0|23|5|10|0|0|0|0|奇侠李长河所用枪法，重攻轻守，施展时有一往无前之勇。
426|枪|紫|出类|长河落日枪·雷霆|1|53|3|1|0|24|5|10|0|0|0|0|奇侠李长河所用枪法，重攻轻守，施展时有一往无前之勇。
427|枪|紫|超绝|长河落日枪·雷霆|1|54|3|1|0|25|5|10|0|0|0|0|奇侠李长河所用枪法，重攻轻守，施展时有一往无前之勇。
428|枪|紫|独步|长河落日枪·雷霆|1|57|5|2|0|28|5|10|0|0|0|0|奇侠李长河所用枪法，重攻轻守，施展时有一往无前之勇。
429|枪|紫|凡品|金蛇枪法·吐信|1|42|2|3|0|23|5|10|0|0|0|0|由金蛇悟出的枪法，主灵动，重一击制敌。
430|枪|紫|出类|金蛇枪法·吐信|1|43|2|3|0|24|5|10|0|0|0|0|由金蛇悟出的枪法，主灵动，重一击制敌。
431|枪|紫|超绝|金蛇枪法·吐信|1|44|2|3|0|25|5|10|0|0|0|0|由金蛇悟出的枪法，主灵动，重一击制敌。
432|枪|紫|独步|金蛇枪法·吐信|1|47|5|5|0|28|5|10|0|0|0|0|由金蛇悟出的枪法，主灵动，重一击制敌。
433|枪|紫|凡品|金蛇枪法·摆尾|1|42|2|3|0|23|5|10|0|0|0|0|由金蛇悟出的枪法，主灵动，重一击制敌。
434|枪|紫|出类|金蛇枪法·摆尾|1|43|2|3|0|24|5|10|0|0|0|0|由金蛇悟出的枪法，主灵动，重一击制敌。
435|枪|紫|超绝|金蛇枪法·摆尾|1|44|2|3|0|25|5|10|0|0|0|0|由金蛇悟出的枪法，主灵动，重一击制敌。
436|枪|紫|独步|金蛇枪法·摆尾|1|47|5|5|0|28|5|10|0|0|0|0|由金蛇悟出的枪法，主灵动，重一击制敌。
437|枪|紫|凡品|金蛇枪法·突袭|1|55|2|2|0|23|5|10|0|0|0|0|由金蛇悟出的枪法，主灵动，重一击制敌。
438|枪|紫|出类|金蛇枪法·突袭|1|56|2|2|0|24|5|10|0|0|0|0|由金蛇悟出的枪法，主灵动，重一击制敌。
439|枪|紫|超绝|金蛇枪法·突袭|1|57|2|2|0|25|5|10|0|0|0|0|由金蛇悟出的枪法，主灵动，重一击制敌。
440|枪|紫|独步|金蛇枪法·突袭|1|60|5|4|0|28|5|10|0|0|0|0|由金蛇悟出的枪法，主灵动，重一击制敌。
441|枪|金|凡品|霸王枪法·直进|1|51|3|1|0|23|5|20|0|0|0|0|西楚霸王项羽成名绝技，有万夫不当之勇。
442|枪|金|出类|霸王枪法·直进|1|52|3|1|0|24|5|20|0|0|0|0|西楚霸王项羽成名绝技，有万夫不当之勇。
443|枪|金|超绝|霸王枪法·直进|1|53|3|1|0|25|5|20|0|0|0|0|西楚霸王项羽成名绝技，有万夫不当之勇。
444|枪|金|独步|霸王枪法·直进|1|56|5|2|0|28|5|20|0|0|0|0|西楚霸王项羽成名绝技，有万夫不当之勇。
445|枪|金|凡品|霸王枪法·侧击|1|52|3|1|0|23|5|20|0|0|0|0|西楚霸王项羽成名绝技，有万夫不当之勇。
446|枪|金|出类|霸王枪法·侧击|1|53|3|1|0|24|5|20|0|0|0|0|西楚霸王项羽成名绝技，有万夫不当之勇。
447|枪|金|超绝|霸王枪法·侧击|1|54|3|1|0|25|5|20|0|0|0|0|西楚霸王项羽成名绝技，有万夫不当之勇。
448|枪|金|独步|霸王枪法·侧击|1|57|5|2|0|28|5|20|0|0|0|0|西楚霸王项羽成名绝技，有万夫不当之勇。
449|枪|金|凡品|霸王枪法·击缶|1|52|3|1|0|23|5|20|0|0|0|0|西楚霸王项羽成名绝技，有万夫不当之勇。
450|枪|金|出类|霸王枪法·击缶|1|53|3|1|0|24|5|20|0|0|0|0|西楚霸王项羽成名绝技，有万夫不当之勇。
451|枪|金|超绝|霸王枪法·击缶|1|54|3|1|0|25|5|20|0|0|0|0|西楚霸王项羽成名绝技，有万夫不当之勇。
452|枪|金|独步|霸王枪法·击缶|1|57|5|2|0|28|5|20|0|0|0|0|西楚霸王项羽成名绝技，有万夫不当之勇。
453|枪|金|凡品|霸王枪法·挑月|1|52|3|1|0|23|5|20|0|0|0|0|西楚霸王项羽成名绝技，有万夫不当之勇。
454|枪|金|出类|霸王枪法·挑月|1|53|3|1|0|24|5|20|0|0|0|0|西楚霸王项羽成名绝技，有万夫不当之勇。
455|枪|金|超绝|霸王枪法·挑月|1|54|3|1|0|25|5|20|0|0|0|0|西楚霸王项羽成名绝技，有万夫不当之勇。
456|枪|金|独步|霸王枪法·挑月|1|57|5|2|0|28|5|20|0|0|0|0|西楚霸王项羽成名绝技，有万夫不当之勇。
457|枪|金|凡品|霸王枪法·断云|1|53|3|1|0|23|5|20|0|0|0|0|西楚霸王项羽成名绝技，有万夫不当之勇。
458|枪|金|出类|霸王枪法·断云|1|54|3|1|0|24|5|20|0|0|0|0|西楚霸王项羽成名绝技，有万夫不当之勇。
459|枪|金|超绝|霸王枪法·断云|1|55|3|1|0|25|5|20|0|0|0|0|西楚霸王项羽成名绝技，有万夫不当之勇。
460|枪|金|独步|霸王枪法·断云|1|58|5|2|0|28|5|20|0|0|0|0|西楚霸王项羽成名绝技，有万夫不当之勇。
461|枪|金|凡品|霸王枪法·舍生|1|53|3|1|0|23|5|20|0|0|0|0|西楚霸王项羽成名绝技，有万夫不当之勇。
462|枪|金|出类|霸王枪法·舍生|1|54|3|1|0|24|5|20|0|0|0|0|西楚霸王项羽成名绝技，有万夫不当之勇。
463|枪|金|超绝|霸王枪法·舍生|1|55|3|1|0|25|5|20|0|0|0|0|西楚霸王项羽成名绝技，有万夫不当之勇。
464|枪|金|独步|霸王枪法·舍生|1|58|5|2|0|28|5|20|0|0|0|0|西楚霸王项羽成名绝技，有万夫不当之勇。
465|枪|金|凡品|霸王枪法·折戟|1|54|3|1|0|23|5|20|0|0|0|0|西楚霸王项羽成名绝技，有万夫不当之勇。
466|枪|金|出类|霸王枪法·折戟|1|55|3|1|0|24|5|20|0|0|0|0|西楚霸王项羽成名绝技，有万夫不当之勇。
467|枪|金|超绝|霸王枪法·折戟|1|56|3|1|0|25|5|20|0|0|0|0|西楚霸王项羽成名绝技，有万夫不当之勇。
468|枪|金|独步|霸王枪法·折戟|1|59|5|2|0|28|5|20|0|0|0|0|西楚霸王项羽成名绝技，有万夫不当之勇。
469|枪|金|凡品|霸王枪法·灭烬|1|55|3|1|0|25|5|20|0|0|0|0|西楚霸王项羽成名绝技，有万夫不当之勇。
470|枪|金|出类|霸王枪法·灭烬|1|56|3|1|0|26|5|20|0|0|0|0|西楚霸王项羽成名绝技，有万夫不当之勇。
471|枪|金|超绝|霸王枪法·灭烬|1|57|3|1|0|27|5|20|0|0|0|0|西楚霸王项羽成名绝技，有万夫不当之勇。
472|枪|金|独步|霸王枪法·灭烬|1|60|5|2|0|30|5|20|0|0|0|0|西楚霸王项羽成名绝技，有万夫不当之勇。
473|枪|金|凡品|大自在枪·脱庸|1|53|3|1|0|23|5|20|0|0|0|0|出处不详，上古枪术残章，无招胜有招。
474|枪|金|出类|大自在枪·脱庸|1|54|3|1|0|24|5|20|0|0|0|0|出处不详，上古枪术残章，无招胜有招。
475|枪|金|超绝|大自在枪·脱庸|1|55|3|1|0|25|5|20|0|0|0|0|出处不详，上古枪术残章，无招胜有招。
476|枪|金|独步|大自在枪·脱庸|1|58|5|2|0|28|5|20|0|0|0|0|出处不详，上古枪术残章，无招胜有招。
477|枪|金|凡品|大自在枪·无招|1|54|3|1|0|23|5|20|0|0|0|0|出处不详，上古枪术残章，无招胜有招。
478|枪|金|出类|大自在枪·无招|1|55|3|1|0|24|5|20|0|0|0|0|出处不详，上古枪术残章，无招胜有招。
479|枪|金|超绝|大自在枪·无招|1|56|3|1|0|25|5|20|0|0|0|0|出处不详，上古枪术残章，无招胜有招。
480|枪|金|独步|大自在枪·无招|1|59|5|2|0|28|5|20|0|0|0|0|出处不详，上古枪术残章，无招胜有招。
481|枪|金|凡品|大自在枪·入圣|1|53|3|1|0|23|5|20|0|0|0|0|出处不详，上古枪术残章，无招胜有招。
482|枪|金|出类|大自在枪·入圣|1|54|3|1|0|24|5|20|0|0|0|0|出处不详，上古枪术残章，无招胜有招。
483|枪|金|超绝|大自在枪·入圣|1|55|3|1|0|25|5|20|0|0|0|0|出处不详，上古枪术残章，无招胜有招。
484|枪|金|独步|大自在枪·入圣|1|58|5|2|0|28|5|20|0|0|0|0|出处不详，上古枪术残章，无招胜有招。
485|枪|金|凡品|大自在枪·洗尘|1|53|3|1|0|23|5|20|0|0|0|0|出处不详，上古枪术残章，无招胜有招。
486|枪|金|出类|大自在枪·洗尘|1|54|3|1|0|24|5|20|0|0|0|0|出处不详，上古枪术残章，无招胜有招。
487|枪|金|超绝|大自在枪·洗尘|1|55|3|1|0|25|5|20|0|0|0|0|出处不详，上古枪术残章，无招胜有招。
488|枪|金|独步|大自在枪·洗尘|1|58|5|2|0|28|5|20|0|0|0|0|出处不详，上古枪术残章，无招胜有招。
489|枪|金|凡品|大自在枪·退俗|1|54|3|1|0|23|5|20|0|0|0|0|出处不详，上古枪术残章，无招胜有招。
490|枪|金|出类|大自在枪·退俗|1|55|3|1|0|24|5|20|0|0|0|0|出处不详，上古枪术残章，无招胜有招。
491|枪|金|超绝|大自在枪·退俗|1|56|3|1|0|25|5|20|0|0|0|0|出处不详，上古枪术残章，无招胜有招。
492|枪|金|独步|大自在枪·退俗|1|59|5|2|0|28|5|20|0|0|0|0|出处不详，上古枪术残章，无招胜有招。
493|枪|金|凡品|大自在枪·大自在|1|55|3|1|0|25|5|20|0|0|0|0|出处不详，上古枪术残章，无招胜有招。
494|枪|金|出类|大自在枪·大自在|1|56|3|1|0|26|5|20|0|0|0|0|出处不详，上古枪术残章，无招胜有招。
495|枪|金|超绝|大自在枪·大自在|1|57|3|1|0|27|5|20|0|0|0|0|出处不详，上古枪术残章，无招胜有招。
496|枪|金|独步|大自在枪·大自在|1|60|5|2|0|30|5|20|0|0|0|0|出处不详，上古枪术残章，无招胜有招。
497|棍|白|凡品|基础棍术|1|20|2|3|0|0|10|1|0|0|0|0|基础棍术
498|棍|白|出类|基础棍术|1|21|2|3|0|0|10|1|0|0|0|0|基础棍术
499|棍|白|超绝|基础棍术|1|22|2|3|0|0|10|1|0|0|0|0|基础棍术
500|棍|白|独步|基础棍术|1|25|5|5|0|2|10|1|0|0|0|0|基础棍术
501|棍|蓝|凡品|齐眉棍法·点棍|1|21|2|4|0|0|10|5|0|0|0|0|江湖棍法，由少林十八棍简化而来。
502|棍|蓝|出类|齐眉棍法·点棍|1|22|3|4|0|0|10|5|0|0|0|0|江湖棍法，由少林十八棍简化而来。
503|棍|蓝|超绝|齐眉棍法·点棍|1|23|4|4|0|0|10|5|0|0|0|0|江湖棍法，由少林十八棍简化而来。
504|棍|蓝|独步|齐眉棍法·点棍|1|26|6|6|0|2|10|5|0|0|0|0|江湖棍法，由少林十八棍简化而来。
505|棍|蓝|凡品|齐眉棍法·扫棍|1|22|2|4|0|0|10|5|0|0|0|0|江湖棍法，由少林十八棍简化而来。
506|棍|蓝|出类|齐眉棍法·扫棍|1|23|3|4|0|0|10|5|0|0|0|0|江湖棍法，由少林十八棍简化而来。
507|棍|蓝|超绝|齐眉棍法·扫棍|1|24|4|4|0|0|10|5|0|0|0|0|江湖棍法，由少林十八棍简化而来。
508|棍|蓝|独步|齐眉棍法·扫棍|1|27|6|6|0|2|10|5|0|0|0|0|江湖棍法，由少林十八棍简化而来。
509|棍|蓝|凡品|齐眉棍法·敲棍|1|23|2|4|0|0|10|5|0|0|0|0|江湖棍法，由少林十八棍简化而来。
510|棍|蓝|出类|齐眉棍法·敲棍|1|24|3|4|0|0|10|5|0|0|0|0|江湖棍法，由少林十八棍简化而来。
511|棍|蓝|超绝|齐眉棍法·敲棍|1|25|4|4|0|0|10|5|0|0|0|0|江湖棍法，由少林十八棍简化而来。
512|棍|蓝|独步|齐眉棍法·敲棍|1|28|6|6|0|2|10|5|0|0|0|0|江湖棍法，由少林十八棍简化而来。
513|棍|蓝|凡品|齐眉棍法·抽棍|1|23|2|4|0|0|10|5|0|0|0|0|江湖棍法，由少林十八棍简化而来。
514|棍|蓝|出类|齐眉棍法·抽棍|1|24|3|4|0|0|10|5|0|0|0|0|江湖棍法，由少林十八棍简化而来。
515|棍|蓝|超绝|齐眉棍法·抽棍|1|25|4|4|0|0|10|5|0|0|0|0|江湖棍法，由少林十八棍简化而来。
516|棍|蓝|独步|齐眉棍法·抽棍|1|28|6|6|0|2|10|5|0|0|0|0|江湖棍法，由少林十八棍简化而来。
517|棍|蓝|凡品|贺屠钩杆·扫|1|24|2|4|0|0|10|5|0|0|0|0|传自苗疆的棍法，招式朴素实用。
518|棍|蓝|出类|贺屠钩杆·扫|1|25|3|4|0|0|10|5|0|0|0|0|传自苗疆的棍法，招式朴素实用。
519|棍|蓝|超绝|贺屠钩杆·扫|1|26|4|4|0|0|10|5|0|0|0|0|传自苗疆的棍法，招式朴素实用。
520|棍|蓝|独步|贺屠钩杆·扫|1|29|6|6|0|2|10|5|0|0|0|0|传自苗疆的棍法，招式朴素实用。
521|棍|蓝|凡品|贺屠钩杆·敲|1|26|2|4|0|0|10|5|0|0|0|0|传自苗疆的棍法，招式朴素实用。
522|棍|蓝|出类|贺屠钩杆·敲|1|27|3|4|0|0|10|5|0|0|0|0|传自苗疆的棍法，招式朴素实用。
523|棍|蓝|超绝|贺屠钩杆·敲|1|28|4|4|0|0|10|5|0|0|0|0|传自苗疆的棍法，招式朴素实用。
524|棍|蓝|独步|贺屠钩杆·敲|1|31|6|6|0|2|10|5|0|0|0|0|传自苗疆的棍法，招式朴素实用。
525|棍|蓝|凡品|贺屠钩杆·戳|1|25|2|4|0|0|10|5|0|0|0|0|传自苗疆的棍法，招式朴素实用。
526|棍|蓝|出类|贺屠钩杆·戳|1|26|3|4|0|0|10|5|0|0|0|0|传自苗疆的棍法，招式朴素实用。
527|棍|蓝|超绝|贺屠钩杆·戳|1|27|4|4|0|0|10|5|0|0|0|0|传自苗疆的棍法，招式朴素实用。
528|棍|蓝|独步|贺屠钩杆·戳|1|30|6|6|0|2|10|5|0|0|0|0|传自苗疆的棍法，招式朴素实用。
529|棍|蓝|凡品|贺屠钩杆·劈|1|26|2|4|0|0|10|5|0|0|0|0|传自苗疆的棍法，招式朴素实用。
530|棍|蓝|出类|贺屠钩杆·劈|1|27|3|4|0|0|10|5|0|0|0|0|传自苗疆的棍法，招式朴素实用。
531|棍|蓝|超绝|贺屠钩杆·劈|1|28|4|4|0|0|10|5|0|0|0|0|传自苗疆的棍法，招式朴素实用。
532|棍|蓝|独步|贺屠钩杆·劈|1|31|6|6|0|2|10|5|0|0|0|0|传自苗疆的棍法，招式朴素实用。
533|棍|蓝|凡品|小梅花棍法·步进|1|24|2|4|0|0|10|5|0|0|0|0|为少林武僧必学棍法，兼具灵动与刚猛。
534|棍|蓝|出类|小梅花棍法·步进|1|25|3|4|0|0|10|5|0|0|0|0|为少林武僧必学棍法，兼具灵动与刚猛。
535|棍|蓝|超绝|小梅花棍法·步进|1|26|4|4|0|0|10|5|0|0|0|0|为少林武僧必学棍法，兼具灵动与刚猛。
536|棍|蓝|独步|小梅花棍法·步进|1|29|6|6|0|2|10|5|0|0|0|0|为少林武僧必学棍法，兼具灵动与刚猛。
537|棍|蓝|凡品|小梅花棍法·法动|1|25|2|4|0|0|10|5|0|0|0|0|为少林武僧必学棍法，兼具灵动与刚猛。
538|棍|蓝|出类|小梅花棍法·法动|1|26|3|4|0|0|10|5|0|0|0|0|为少林武僧必学棍法，兼具灵动与刚猛。
539|棍|蓝|超绝|小梅花棍法·法动|1|27|4|4|0|0|10|5|0|0|0|0|为少林武僧必学棍法，兼具灵动与刚猛。
540|棍|蓝|独步|小梅花棍法·法动|1|30|6|6|0|2|10|5|0|0|0|0|为少林武僧必学棍法，兼具灵动与刚猛。
541|棍|蓝|凡品|小梅花棍法·渡念|1|25|2|4|0|0|10|5|0|0|0|0|为少林武僧必学棍法，兼具灵动与刚猛。
542|棍|蓝|出类|小梅花棍法·渡念|1|26|3|4|0|0|10|5|0|0|0|0|为少林武僧必学棍法，兼具灵动与刚猛。
543|棍|蓝|超绝|小梅花棍法·渡念|1|27|4|4|0|0|10|5|0|0|0|0|为少林武僧必学棍法，兼具灵动与刚猛。
544|棍|蓝|独步|小梅花棍法·渡念|1|30|6|6|0|2|10|5|0|0|0|0|为少林武僧必学棍法，兼具灵动与刚猛。
545|棍|紫|凡品|七星棍法·打翦|1|28|3|5|0|1|10|10|0|0|0|0|相传为七星门绝技，棍法生猛，主进攻。
546|棍|紫|出类|七星棍法·打翦|1|29|4|5|0|1|10|10|0|0|0|0|相传为七星门绝技，棍法生猛，主进攻。
547|棍|紫|超绝|七星棍法·打翦|1|30|5|5|0|1|10|10|0|0|0|0|相传为七星门绝技，棍法生猛，主进攻。
548|棍|紫|独步|七星棍法·打翦|1|33|7|6|0|2|10|10|0|0|0|0|相传为七星门绝技，棍法生猛，主进攻。
549|棍|紫|凡品|七星棍法·进凿|1|29|3|5|0|1|10|10|0|0|0|0|相传为七星门绝技，棍法生猛，主进攻。
550|棍|紫|出类|七星棍法·进凿|1|30|4|5|0|1|10|10|0|0|0|0|相传为七星门绝技，棍法生猛，主进攻。
551|棍|紫|超绝|七星棍法·进凿|1|31|5|5|0|1|10|10|0|0|0|0|相传为七星门绝技，棍法生猛，主进攻。
552|棍|紫|独步|七星棍法·进凿|1|34|7|6|0|2|10|10|0|0|0|0|相传为七星门绝技，棍法生猛，主进攻。
553|棍|紫|凡品|七星棍法·剃削|1|29|3|5|0|1|10|10|0|0|0|0|相传为七星门绝技，棍法生猛，主进攻。
554|棍|紫|出类|七星棍法·剃削|1|30|4|5|0|1|10|10|0|0|0|0|相传为七星门绝技，棍法生猛，主进攻。
555|棍|紫|超绝|七星棍法·剃削|1|31|5|5|0|1|10|10|0|0|0|0|相传为七星门绝技，棍法生猛，主进攻。
556|棍|紫|独步|七星棍法·剃削|1|34|7|6|0|2|10|10|0|0|0|0|相传为七星门绝技，棍法生猛，主进攻。
557|棍|紫|凡品|无上大力杵法·三菩提|1|30|3|5|0|1|10|10|0|0|0|0|相传为看门罗汉注茶半托迦尊者所创，以力为主，兼具灵活。
558|棍|紫|出类|无上大力杵法·三菩提|1|31|4|5|0|1|10|10|0|0|0|0|相传为看门罗汉注茶半托迦尊者所创，以力为主，兼具灵活。
559|棍|紫|超绝|无上大力杵法·三菩提|1|32|5|5|0|1|10|10|0|0|0|0|相传为看门罗汉注茶半托迦尊者所创，以力为主，兼具灵活。
560|棍|紫|独步|无上大力杵法·三菩提|1|35|7|6|0|2|10|10|0|0|0|0|相传为看门罗汉注茶半托迦尊者所创，以力为主，兼具灵活。
561|棍|紫|凡品|无上大力杵法·众生相|1|30|3|5|0|1|10|10|0|0|0|0|相传为看门罗汉注茶半托迦尊者所创，以力为主，兼具灵活。
562|棍|紫|出类|无上大力杵法·众生相|1|31|4|5|0|1|10|10|0|0|0|0|相传为看门罗汉注茶半托迦尊者所创，以力为主，兼具灵活。
563|棍|紫|超绝|无上大力杵法·众生相|1|32|5|5|0|1|10|10|0|0|0|0|相传为看门罗汉注茶半托迦尊者所创，以力为主，兼具灵活。
564|棍|紫|独步|无上大力杵法·众生相|1|35|7|6|0|2|10|10|0|0|0|0|相传为看门罗汉注茶半托迦尊者所创，以力为主，兼具灵活。
565|棍|紫|凡品|无上大力杵法·无有法|1|30|3|5|0|1|10|10|0|0|0|0|相传为看门罗汉注茶半托迦尊者所创，以力为主，兼具灵活。
566|棍|紫|出类|无上大力杵法·无有法|1|31|4|5|0|1|10|10|0|0|0|0|相传为看门罗汉注茶半托迦尊者所创，以力为主，兼具灵活。
567|棍|紫|超绝|无上大力杵法·无有法|1|32|5|5|0|1|10|10|0|0|0|0|相传为看门罗汉注茶半托迦尊者所创，以力为主，兼具灵活。
568|棍|紫|独步|无上大力杵法·无有法|1|35|7|6|0|2|10|10|0|0|0|0|相传为看门罗汉注茶半托迦尊者所创，以力为主，兼具灵活。
569|棍|紫|凡品|无上大力杵法·力者相|1|31|3|5|0|1|10|10|0|0|0|0|相传为看门罗汉注茶半托迦尊者所创，以力为主，兼具灵活。
570|棍|紫|出类|无上大力杵法·力者相|1|32|4|5|0|1|10|10|0|0|0|0|相传为看门罗汉注茶半托迦尊者所创，以力为主，兼具灵活。
571|棍|紫|超绝|无上大力杵法·力者相|1|33|5|5|0|1|10|10|0|0|0|0|相传为看门罗汉注茶半托迦尊者所创，以力为主，兼具灵活。
572|棍|紫|独步|无上大力杵法·力者相|1|36|7|6|0|2|10|10|0|0|0|0|相传为看门罗汉注茶半托迦尊者所创，以力为主，兼具灵活。
573|棍|紫|凡品|疯魔棍法·入力|1|28|3|5|0|1|10|10|0|0|0|0|疯魔罗汉所用棍法，似走火入魔，但威力强大。
574|棍|紫|出类|疯魔棍法·入力|1|29|4|5|0|1|10|10|0|0|0|0|疯魔罗汉所用棍法，似走火入魔，但威力强大。
575|棍|紫|超绝|疯魔棍法·入力|1|30|5|5|0|1|10|10|0|0|0|0|疯魔罗汉所用棍法，似走火入魔，但威力强大。
576|棍|紫|独步|疯魔棍法·入力|1|33|7|6|0|2|10|10|0|0|0|0|疯魔罗汉所用棍法，似走火入魔，但威力强大。
577|棍|紫|凡品|疯魔棍法·拒元|1|29|3|5|0|1|10|10|0|0|0|0|疯魔罗汉所用棍法，似走火入魔，但威力强大。
578|棍|紫|出类|疯魔棍法·拒元|1|30|4|5|0|1|10|10|0|0|0|0|疯魔罗汉所用棍法，似走火入魔，但威力强大。
579|棍|紫|超绝|疯魔棍法·拒元|1|31|5|5|0|1|10|10|0|0|0|0|疯魔罗汉所用棍法，似走火入魔，但威力强大。
580|棍|紫|独步|疯魔棍法·拒元|1|34|7|6|0|2|10|10|0|0|0|0|疯魔罗汉所用棍法，似走火入魔，但威力强大。
581|棍|紫|凡品|疯魔棍法·乱舞|1|29|3|5|0|1|10|10|0|0|0|0|疯魔罗汉所用棍法，似走火入魔，但威力强大。
582|棍|紫|出类|疯魔棍法·乱舞|1|30|4|5|0|1|10|10|0|0|0|0|疯魔罗汉所用棍法，似走火入魔，但威力强大。
583|棍|紫|超绝|疯魔棍法·乱舞|1|31|5|5|0|1|10|10|0|0|0|0|疯魔罗汉所用棍法，似走火入魔，但威力强大。
584|棍|紫|独步|疯魔棍法·乱舞|1|34|7|6|0|2|10|10|0|0|0|0|疯魔罗汉所用棍法，似走火入魔，但威力强大。
585|棍|紫|凡品|金刚棍法·怒目|1|30|3|5|0|1|10|10|0|0|0|0|少林寺金刚棍法。
586|棍|紫|出类|金刚棍法·怒目|1|31|4|5|0|1|10|10|0|0|0|0|少林寺金刚棍法。
587|棍|紫|超绝|金刚棍法·怒目|1|32|5|5|0|1|10|10|0|0|0|0|少林寺金刚棍法。
588|棍|紫|独步|金刚棍法·怒目|1|35|7|6|0|2|10|10|0|0|0|0|少林寺金刚棍法。
589|棍|紫|凡品|金刚棍法·奇御|1|30|3|5|0|1|10|10|0|0|0|0|少林寺金刚棍法。
590|棍|紫|出类|金刚棍法·奇御|1|31|4|5|0|1|10|10|0|0|0|0|少林寺金刚棍法。
591|棍|紫|超绝|金刚棍法·奇御|1|32|5|5|0|1|10|10|0|0|0|0|少林寺金刚棍法。
592|棍|紫|独步|金刚棍法·奇御|1|35|7|6|0|2|10|10|0|0|0|0|少林寺金刚棍法。
593|棍|紫|凡品|金刚棍法·开山|1|30|3|5|0|1|10|10|0|0|0|0|少林寺金刚棍法。
594|棍|紫|出类|金刚棍法·开山|1|31|4|5|0|1|10|10|0|0|0|0|少林寺金刚棍法。
595|棍|紫|超绝|金刚棍法·开山|1|32|5|5|0|1|10|10|0|0|0|0|少林寺金刚棍法。
596|棍|紫|独步|金刚棍法·开山|1|35|7|6|0|2|10|10|0|0|0|0|少林寺金刚棍法。
597|棍|紫|凡品|金刚棍法·正交|1|31|3|5|0|1|10|10|0|0|0|0|少林寺金刚棍法。
598|棍|紫|出类|金刚棍法·正交|1|32|4|5|0|1|10|10|0|0|0|0|少林寺金刚棍法。
599|棍|紫|超绝|金刚棍法·正交|1|33|5|5|0|1|10|10|0|0|0|0|少林寺金刚棍法。
600|棍|紫|独步|金刚棍法·正交|1|36|7|6|0|2|10|10|0|0|0|0|少林寺金刚棍法。
601|棍|金|凡品|打狗棒法·棒打|1|33|5|6|0|2|10|20|0|0|0|0|丐帮绝学。
602|棍|金|出类|打狗棒法·棒打|1|34|6|6|0|2|10|20|0|0|0|0|丐帮绝学。
603|棍|金|超绝|打狗棒法·棒打|1|35|7|6|0|2|10|20|0|0|0|0|丐帮绝学。
604|棍|金|独步|打狗棒法·棒打|1|38|10|8|0|2|10|20|0|0|0|0|丐帮绝学。
605|棍|金|凡品|打狗棒法·反截|1|34|5|6|0|2|10|20|0|0|0|0|丐帮绝学。
606|棍|金|出类|打狗棒法·反截|1|35|6|6|0|2|10|20|0|0|0|0|丐帮绝学。
607|棍|金|超绝|打狗棒法·反截|1|36|7|6|0|2|10|20|0|0|0|0|丐帮绝学。
608|棍|金|独步|打狗棒法·反截|1|39|10|8|0|2|10|20|0|0|0|0|丐帮绝学。
609|棍|金|凡品|打狗棒法·斜打|1|33|5|6|0|2|10|20|0|0|0|0|丐帮绝学。
610|棍|金|出类|打狗棒法·斜打|1|34|6|6|0|2|10|20|0|0|0|0|丐帮绝学。
611|棍|金|超绝|打狗棒法·斜打|1|35|7|6|0|2|10|20|0|0|0|0|丐帮绝学。
612|棍|金|独步|打狗棒法·斜打|1|38|10|8|0|2|10|20|0|0|0|0|丐帮绝学。
613|棍|金|凡品|打狗棒法·压肩|1|33|5|6|0|2|10|20|0|0|0|0|丐帮绝学。
614|棍|金|出类|打狗棒法·压肩|1|34|6|6|0|2|10|20|0|0|0|0|丐帮绝学。
615|棍|金|超绝|打狗棒法·压肩|1|35|7|6|0|2|10|20|0|0|0|0|丐帮绝学。
616|棍|金|独步|打狗棒法·压肩|1|38|10|8|0|2|10|20|0|0|0|0|丐帮绝学。
617|棍|金|凡品|打狗棒法·拨狗|1|34|5|6|0|2|10|20|0|0|0|0|丐帮绝学。
618|棍|金|出类|打狗棒法·拨狗|1|35|6|6|0|2|10|20|0|0|0|0|丐帮绝学。
619|棍|金|超绝|打狗棒法·拨狗|1|36|7|6|0|2|10|20|0|0|0|0|丐帮绝学。
620|棍|金|独步|打狗棒法·拨狗|1|39|10|8|0|2|10|20|0|0|0|0|丐帮绝学。
621|棍|金|凡品|打狗棒法·斗犬|1|35|5|6|0|2|10|20|0|0|0|0|丐帮绝学。
622|棍|金|出类|打狗棒法·斗犬|1|36|6|6|0|2|10|20|0|0|0|0|丐帮绝学。
623|棍|金|超绝|打狗棒法·斗犬|1|37|7|6|0|2|10|20|0|0|0|0|丐帮绝学。
624|棍|金|独步|打狗棒法·斗犬|1|40|10|8|0|2|10|20|0|0|0|0|丐帮绝学。
625|棍|金|凡品|打狗棒法·横打|1|35|5|6|0|2|10|20|0|0|0|0|丐帮绝学。
626|棍|金|出类|打狗棒法·横打|1|36|6|6|0|2|10|20|0|0|0|0|丐帮绝学。
627|棍|金|超绝|打狗棒法·横打|1|37|7|6|0|2|10|20|0|0|0|0|丐帮绝学。
628|棍|金|独步|打狗棒法·横打|1|40|10|8|0|2|10|20|0|0|0|0|丐帮绝学。
629|棍|金|凡品|打狗棒法·无狗|1|35|5|6|0|2|10|20|0|0|0|0|丐帮绝学。
630|棍|金|出类|打狗棒法·无狗|1|36|6|6|0|2|10|20|0|0|0|0|丐帮绝学。
631|棍|金|超绝|打狗棒法·无狗|1|37|7|6|0|2|10|20|0|0|0|0|丐帮绝学。
632|棍|金|独步|打狗棒法·无狗|1|40|10|8|0|2|10|20|0|0|0|0|丐帮绝学。
633|棍|金|凡品|达摩棍法·游禅|1|33|5|6|0|2|10|20|0|0|0|0|少林武僧不传之秘，达摩绝学。
634|棍|金|出类|达摩棍法·游禅|1|34|6|6|0|2|10|20|0|0|0|0|少林武僧不传之秘，达摩绝学。
635|棍|金|超绝|达摩棍法·游禅|1|35|7|6|0|2|10|20|0|0|0|0|少林武僧不传之秘，达摩绝学。
636|棍|金|独步|达摩棍法·游禅|1|38|10|8|0|2|10|20|0|0|0|0|少林武僧不传之秘，达摩绝学。
637|棍|金|凡品|达摩棍法·无得|1|33|5|6|0|2|10|20|0|0|0|0|少林武僧不传之秘，达摩绝学。
638|棍|金|出类|达摩棍法·无得|1|34|6|6|0|2|10|20|0|0|0|0|少林武僧不传之秘，达摩绝学。
639|棍|金|超绝|达摩棍法·无得|1|35|7|6|0|2|10|20|0|0|0|0|少林武僧不传之秘，达摩绝学。
640|棍|金|独步|达摩棍法·无得|1|38|10|8|0|2|10|20|0|0|0|0|少林武僧不传之秘，达摩绝学。
641|棍|金|凡品|达摩棍法·摩柯|1|34|5|6|0|2|10|20|0|0|0|0|少林武僧不传之秘，达摩绝学。
642|棍|金|出类|达摩棍法·摩柯|1|35|6|6|0|2|10|20|0|0|0|0|少林武僧不传之秘，达摩绝学。
643|棍|金|超绝|达摩棍法·摩柯|1|36|7|6|0|2|10|20|0|0|0|0|少林武僧不传之秘，达摩绝学。
644|棍|金|独步|达摩棍法·摩柯|1|39|10|8|0|2|10|20|0|0|0|0|少林武僧不传之秘，达摩绝学。
645|棍|金|凡品|达摩棍法·静寂|1|35|5|6|0|2|10|20|0|0|0|0|少林武僧不传之秘，达摩绝学。
646|棍|金|出类|达摩棍法·静寂|1|36|6|6|0|2|10|20|0|0|0|0|少林武僧不传之秘，达摩绝学。
647|棍|金|超绝|达摩棍法·静寂|1|37|7|6|0|2|10|20|0|0|0|0|少林武僧不传之秘，达摩绝学。
648|棍|金|独步|达摩棍法·静寂|1|40|10|8|0|2|10|20|0|0|0|0|少林武僧不传之秘，达摩绝学。
649|棍|金|凡品|达摩棍法·善恶|1|35|5|6|0|2|10|20|0|0|0|0|少林武僧不传之秘，达摩绝学。
650|棍|金|出类|达摩棍法·善恶|1|36|6|6|0|2|10|20|0|0|0|0|少林武僧不传之秘，达摩绝学。
651|棍|金|超绝|达摩棍法·善恶|1|37|7|6|0|2|10|20|0|0|0|0|少林武僧不传之秘，达摩绝学。
652|棍|金|独步|达摩棍法·善恶|1|40|10|8|0|2|10|20|0|0|0|0|少林武僧不传之秘，达摩绝学。
653|棍|金|凡品|达摩棍法·无圣|1|35|5|6|0|2|10|20|0|0|0|0|少林武僧不传之秘，达摩绝学。
654|棍|金|出类|达摩棍法·无圣|1|36|6|6|0|2|10|20|0|0|0|0|少林武僧不传之秘，达摩绝学。
655|棍|金|超绝|达摩棍法·无圣|1|37|7|6|0|2|10|20|0|0|0|0|少林武僧不传之秘，达摩绝学。
656|棍|金|独步|达摩棍法·无圣|1|40|10|8|0|2|10|20|0|0|0|0|少林武僧不传之秘，达摩绝学。
657|叉|白|凡品|基础叉术|1|25|2|3|0|5|10|1|0|0|0|0|基础叉术
658|叉|白|出类|基础叉术|1|26|2|3|0|5|10|1|0|0|0|0|基础叉术
659|叉|白|超绝|基础叉术|1|27|2|3|0|5|10|1|0|0|0|0|基础叉术
660|叉|白|独步|基础叉术|1|30|4|5|0|8|10|1|0|0|0|0|基础叉术
661|叉|蓝|凡品|云中叉术·拦|1|27|3|4|0|6|10|5|0|0|0|0|云中地区山民所用叉术，招式简单。
662|叉|蓝|出类|云中叉术·拦|1|28|3|4|0|7|10|5|0|0|0|0|云中地区山民所用叉术，招式简单。
663|叉|蓝|超绝|云中叉术·拦|1|29|3|4|0|8|10|5|0|0|0|0|云中地区山民所用叉术，招式简单。
664|叉|蓝|独步|云中叉术·拦|1|32|6|6|0|10|10|5|0|0|0|0|云中地区山民所用叉术，招式简单。
665|叉|蓝|凡品|云中叉术·挑|1|26|3|4|0|6|10|5|0|0|0|0|云中地区山民所用叉术，招式简单。
666|叉|蓝|出类|云中叉术·挑|1|27|3|4|0|7|10|5|0|0|0|0|云中地区山民所用叉术，招式简单。
667|叉|蓝|超绝|云中叉术·挑|1|28|3|4|0|8|10|5|0|0|0|0|云中地区山民所用叉术，招式简单。
668|叉|蓝|独步|云中叉术·挑|1|31|6|6|0|10|10|5|0|0|0|0|云中地区山民所用叉术，招式简单。
669|叉|蓝|凡品|云中叉术·贯|1|28|3|4|0|6|10|5|0|0|0|0|云中地区山民所用叉术，招式简单。
670|叉|蓝|出类|云中叉术·贯|1|29|3|4|0|7|10|5|0|0|0|0|云中地区山民所用叉术，招式简单。
671|叉|蓝|超绝|云中叉术·贯|1|30|3|4|0|8|10|5|0|0|0|0|云中地区山民所用叉术，招式简单。
672|叉|蓝|独步|云中叉术·贯|1|33|6|6|0|10|10|5|0|0|0|0|云中地区山民所用叉术，招式简单。
673|叉|蓝|凡品|云中叉术·拍|1|29|3|4|0|6|10|5|0|0|0|0|云中地区山民所用叉术，招式简单。
674|叉|蓝|出类|云中叉术·拍|1|30|3|4|0|7|10|5|0|0|0|0|云中地区山民所用叉术，招式简单。
675|叉|蓝|超绝|云中叉术·拍|1|31|3|4|0|8|10|5|0|0|0|0|云中地区山民所用叉术，招式简单。
676|叉|蓝|独步|云中叉术·拍|1|34|6|6|0|10|10|5|0|0|0|0|云中地区山民所用叉术，招式简单。
677|叉|蓝|凡品|张家叉术·抡|1|27|3|4|0|6|10|5|0|0|0|0|花县张家祖传叉术。
678|叉|蓝|出类|张家叉术·抡|1|28|3|4|0|7|10|5|0|0|0|0|花县张家祖传叉术。
679|叉|蓝|超绝|张家叉术·抡|1|29|3|4|0|8|10|5|0|0|0|0|花县张家祖传叉术。
680|叉|蓝|独步|张家叉术·抡|1|32|6|6|0|10|10|5|0|0|0|0|花县张家祖传叉术。
681|叉|蓝|凡品|张家叉术·打|1|26|3|4|0|6|10|5|0|0|0|0|花县张家祖传叉术。
682|叉|蓝|出类|张家叉术·打|1|27|3|4|0|7|10|5|0|0|0|0|花县张家祖传叉术。
683|叉|蓝|超绝|张家叉术·打|1|28|3|4|0|8|10|5|0|0|0|0|花县张家祖传叉术。
684|叉|蓝|独步|张家叉术·打|1|31|6|6|0|10|10|5|0|0|0|0|花县张家祖传叉术。
685|叉|蓝|凡品|张家叉术·抢|1|28|3|4|0|6|10|5|0|0|0|0|花县张家祖传叉术。
686|叉|蓝|出类|张家叉术·抢|1|29|3|4|0|7|10|5|0|0|0|0|花县张家祖传叉术。
687|叉|蓝|超绝|张家叉术·抢|1|30|3|4|0|8|10|5|0|0|0|0|花县张家祖传叉术。
688|叉|蓝|独步|张家叉术·抢|1|33|6|6|0|10|10|5|0|0|0|0|花县张家祖传叉术。
689|叉|蓝|凡品|张家叉术·盘|1|29|3|4|0|6|10|5|0|0|0|0|花县张家祖传叉术。
690|叉|蓝|出类|张家叉术·盘|1|30|3|4|0|7|10|5|0|0|0|0|花县张家祖传叉术。
691|叉|蓝|超绝|张家叉术·盘|1|31|3|4|0|8|10|5|0|0|0|0|花县张家祖传叉术。
692|叉|蓝|独步|张家叉术·盘|1|34|6|6|0|10|10|5|0|0|0|0|花县张家祖传叉术。
693|叉|蓝|凡品|六法叉术·转击|1|26|3|4|0|6|10|5|0|0|0|0|以叉术中“转”、“刺”、“拍”为长提炼出来的叉术，擅长防守反击。
694|叉|蓝|出类|六法叉术·转击|1|27|3|4|0|7|10|5|0|0|0|0|以叉术中“转”、“刺”、“拍”为长提炼出来的叉术，擅长防守反击。
695|叉|蓝|超绝|六法叉术·转击|1|28|3|4|0|8|10|5|0|0|0|0|以叉术中“转”、“刺”、“拍”为长提炼出来的叉术，擅长防守反击。
696|叉|蓝|独步|六法叉术·转击|1|31|6|6|0|10|10|5|0|0|0|0|以叉术中“转”、“刺”、“拍”为长提炼出来的叉术，擅长防守反击。
697|叉|蓝|凡品|六法叉术·刺击|1|28|3|4|0|6|10|5|0|0|0|0|以叉术中“转”、“刺”、“拍”为长提炼出来的叉术，擅长防守反击。
698|叉|蓝|出类|六法叉术·刺击|1|29|3|4|0|7|10|5|0|0|0|0|以叉术中“转”、“刺”、“拍”为长提炼出来的叉术，擅长防守反击。
699|叉|蓝|超绝|六法叉术·刺击|1|30|3|4|0|8|10|5|0|0|0|0|以叉术中“转”、“刺”、“拍”为长提炼出来的叉术，擅长防守反击。
700|叉|蓝|独步|六法叉术·刺击|1|33|6|6|0|10|10|5|0|0|0|0|以叉术中“转”、“刺”、“拍”为长提炼出来的叉术，擅长防守反击。
701|叉|蓝|凡品|六法叉术·拍击|1|29|3|4|0|6|10|5|0|0|0|0|以叉术中“转”、“刺”、“拍”为长提炼出来的叉术，擅长防守反击。
702|叉|蓝|出类|六法叉术·拍击|1|30|3|4|0|7|10|5|0|0|0|0|以叉术中“转”、“刺”、“拍”为长提炼出来的叉术，擅长防守反击。
703|叉|蓝|超绝|六法叉术·拍击|1|31|3|4|0|8|10|5|0|0|0|0|以叉术中“转”、“刺”、“拍”为长提炼出来的叉术，擅长防守反击。
704|叉|蓝|独步|六法叉术·拍击|1|34|6|6|0|10|10|5|0|0|0|0|以叉术中“转”、“刺”、“拍”为长提炼出来的叉术，擅长防守反击。
705|叉|紫|凡品|歃血叉术·破风|1|27|4|5|0|8|10|10|0|0|0|0|攻击力较低，主流血。
706|叉|紫|出类|歃血叉术·破风|1|28|4|5|0|9|10|10|0|0|0|0|攻击力较低，主流血。
707|叉|紫|超绝|歃血叉术·破风|1|29|4|5|0|10|10|10|0|0|0|0|攻击力较低，主流血。
708|叉|紫|独步|歃血叉术·破风|1|32|7|7|0|12|10|10|0|0|0|0|攻击力较低，主流血。
709|叉|紫|凡品|歃血叉术·碎木|1|27|4|5|0|8|10|10|0|0|0|0|攻击力较低，主流血。
710|叉|紫|出类|歃血叉术·碎木|1|28|4|5|0|9|10|10|0|0|0|0|攻击力较低，主流血。
711|叉|紫|超绝|歃血叉术·碎木|1|29|4|5|0|10|10|10|0|0|0|0|攻击力较低，主流血。
712|叉|紫|独步|歃血叉术·碎木|1|32|7|7|0|12|10|10|0|0|0|0|攻击力较低，主流血。
713|叉|紫|凡品|歃血叉术·却敌|1|27|4|5|0|8|10|10|0|0|0|0|攻击力较低，主流血。
714|叉|紫|出类|歃血叉术·却敌|1|28|4|5|0|9|10|10|0|0|0|0|攻击力较低，主流血。
715|叉|紫|超绝|歃血叉术·却敌|1|29|4|5|0|10|10|10|0|0|0|0|攻击力较低，主流血。
716|叉|紫|独步|歃血叉术·却敌|1|32|7|7|0|12|10|10|0|0|0|0|攻击力较低，主流血。
717|叉|紫|凡品|歃血叉术·引血|1|27|4|5|0|8|10|10|0|0|0|0|攻击力较低，主流血。
718|叉|紫|出类|歃血叉术·引血|1|28|4|5|0|9|10|10|0|0|0|0|攻击力较低，主流血。
719|叉|紫|超绝|歃血叉术·引血|1|29|4|5|0|10|10|10|0|0|0|0|攻击力较低，主流血。
720|叉|紫|独步|歃血叉术·引血|1|32|7|7|0|12|10|10|0|0|0|0|攻击力较低，主流血。
721|叉|紫|凡品|修罗饮血叉·暗刃|1|28|4|5|0|8|10|10|0|0|0|0|修罗坛中刺客之术，传说见血毙命。
722|叉|紫|出类|修罗饮血叉·暗刃|1|29|4|5|0|9|10|10|0|0|0|0|修罗坛中刺客之术，传说见血毙命。
723|叉|紫|超绝|修罗饮血叉·暗刃|1|30|4|5|0|10|10|10|0|0|0|0|修罗坛中刺客之术，传说见血毙命。
724|叉|紫|独步|修罗饮血叉·暗刃|1|33|7|7|0|12|10|10|0|0|0|0|修罗坛中刺客之术，传说见血毙命。
725|叉|紫|凡品|修罗饮血叉·影魂|1|29|4|5|0|8|10|10|0|0|0|0|修罗坛中刺客之术，传说见血毙命。
726|叉|紫|出类|修罗饮血叉·影魂|1|30|4|5|0|9|10|10|0|0|0|0|修罗坛中刺客之术，传说见血毙命。
727|叉|紫|超绝|修罗饮血叉·影魂|1|31|4|5|0|10|10|10|0|0|0|0|修罗坛中刺客之术，传说见血毙命。
728|叉|紫|独步|修罗饮血叉·影魂|1|34|7|7|0|12|10|10|0|0|0|0|修罗坛中刺客之术，传说见血毙命。
729|叉|紫|凡品|修罗饮血叉·破神|1|30|4|5|0|8|10|10|0|0|0|0|修罗坛中刺客之术，传说见血毙命。
730|叉|紫|出类|修罗饮血叉·破神|1|31|4|5|0|9|10|10|0|0|0|0|修罗坛中刺客之术，传说见血毙命。
731|叉|紫|超绝|修罗饮血叉·破神|1|32|4|5|0|10|10|10|0|0|0|0|修罗坛中刺客之术，传说见血毙命。
732|叉|紫|独步|修罗饮血叉·破神|1|35|7|7|0|12|10|10|0|0|0|0|修罗坛中刺客之术，传说见血毙命。
733|叉|紫|凡品|修罗饮血叉·饮血|1|31|4|5|0|8|10|10|0|0|0|0|修罗坛中刺客之术，传说见血毙命。
734|叉|紫|出类|修罗饮血叉·饮血|1|32|4|5|0|9|10|10|0|0|0|0|修罗坛中刺客之术，传说见血毙命。
735|叉|紫|超绝|修罗饮血叉·饮血|1|33|4|5|0|10|10|10|0|0|0|0|修罗坛中刺客之术，传说见血毙命。
736|叉|紫|独步|修罗饮血叉·饮血|1|36|7|7|0|12|10|10|0|0|0|0|修罗坛中刺客之术，传说见血毙命。
737|叉|紫|凡品|破虏叉术·刺魂|1|31|4|5|0|8|10|10|0|0|0|0|相传为大将军狄青所创。
738|叉|紫|出类|破虏叉术·刺魂|1|32|4|5|0|9|10|10|0|0|0|0|相传为大将军狄青所创。
739|叉|紫|超绝|破虏叉术·刺魂|1|33|4|5|0|10|10|10|0|0|0|0|相传为大将军狄青所创。
740|叉|紫|独步|破虏叉术·刺魂|1|36|7|7|0|12|10|10|0|0|0|0|相传为大将军狄青所创。
741|叉|紫|凡品|破虏叉术·扫荡|1|32|4|5|0|8|10|10|0|0|0|0|相传为大将军狄青所创。
742|叉|紫|出类|破虏叉术·扫荡|1|33|4|5|0|9|10|10|0|0|0|0|相传为大将军狄青所创。
743|叉|紫|超绝|破虏叉术·扫荡|1|34|4|5|0|10|10|10|0|0|0|0|相传为大将军狄青所创。
744|叉|紫|独步|破虏叉术·扫荡|1|37|7|7|0|12|10|10|0|0|0|0|相传为大将军狄青所创。
745|叉|紫|凡品|破虏叉术·破虏|1|31|4|5|0|8|10|10|0|0|0|0|相传为大将军狄青所创。
746|叉|紫|出类|破虏叉术·破虏|1|32|4|5|0|9|10|10|0|0|0|0|相传为大将军狄青所创。
747|叉|紫|超绝|破虏叉术·破虏|1|33|4|5|0|10|10|10|0|0|0|0|相传为大将军狄青所创。
748|叉|紫|独步|破虏叉术·破虏|1|36|7|7|0|12|10|10|0|0|0|0|相传为大将军狄青所创。
749|叉|紫|凡品|镇魂三绝叉·裂魄|1|27|4|5|0|8|10|10|0|0|0|0|据说为地府无常所用，招式凌厉。
750|叉|紫|出类|镇魂三绝叉·裂魄|1|28|4|5|0|9|10|10|0|0|0|0|据说为地府无常所用，招式凌厉。
751|叉|紫|超绝|镇魂三绝叉·裂魄|1|29|4|5|0|10|10|10|0|0|0|0|据说为地府无常所用，招式凌厉。
752|叉|紫|独步|镇魂三绝叉·裂魄|1|32|7|7|0|12|10|10|0|0|0|0|据说为地府无常所用，招式凌厉。
753|叉|紫|凡品|镇魂三绝叉·锁念|1|27|4|5|0|8|10|10|0|0|0|0|据说为地府无常所用，招式凌厉。
754|叉|紫|出类|镇魂三绝叉·锁念|1|28|4|5|0|9|10|10|0|0|0|0|据说为地府无常所用，招式凌厉。
755|叉|紫|超绝|镇魂三绝叉·锁念|1|29|4|5|0|10|10|10|0|0|0|0|据说为地府无常所用，招式凌厉。
756|叉|紫|独步|镇魂三绝叉·锁念|1|32|7|7|0|12|10|10|0|0|0|0|据说为地府无常所用，招式凌厉。
757|叉|紫|凡品|镇魂三绝叉·镇魂|1|27|4|5|0|8|10|10|0|0|0|0|据说为地府无常所用，招式凌厉。
758|叉|紫|出类|镇魂三绝叉·镇魂|1|28|4|5|0|9|10|10|0|0|0|0|据说为地府无常所用，招式凌厉。
759|叉|紫|超绝|镇魂三绝叉·镇魂|1|29|4|5|0|10|10|10|0|0|0|0|据说为地府无常所用，招式凌厉。
760|叉|紫|独步|镇魂三绝叉·镇魂|1|32|7|7|0|12|10|10|0|0|0|0|据说为地府无常所用，招式凌厉。
761|叉|金|凡品|武备步战叉术·备敌|1|33|6|6|0|12|10|20|0|0|0|0|步军所习战阵叉术。
762|叉|金|出类|武备步战叉术·备敌|1|34|7|6|0|13|10|20|0|0|0|0|步军所习战阵叉术。
763|叉|金|超绝|武备步战叉术·备敌|1|35|8|6|0|14|10|20|0|0|0|0|步军所习战阵叉术。
764|叉|金|独步|武备步战叉术·备敌|1|38|10|8|0|17|10|20|0|0|0|0|步军所习战阵叉术。
765|叉|金|凡品|武备步战叉术·刺击|1|34|6|6|0|12|10|20|0|0|0|0|步军所习战阵叉术。
766|叉|金|出类|武备步战叉术·刺击|1|35|7|6|0|13|10|20|0|0|0|0|步军所习战阵叉术。
767|叉|金|超绝|武备步战叉术·刺击|1|36|8|6|0|14|10|20|0|0|0|0|步军所习战阵叉术。
768|叉|金|独步|武备步战叉术·刺击|1|39|10|8|0|17|10|20|0|0|0|0|步军所习战阵叉术。
769|叉|金|凡品|武备步战叉术·横截|1|35|6|6|0|12|10|20|0|0|0|0|步军所习战阵叉术。
770|叉|金|出类|武备步战叉术·横截|1|36|7|6|0|13|10|20|0|0|0|0|步军所习战阵叉术。
771|叉|金|超绝|武备步战叉术·横截|1|37|8|6|0|14|10|20|0|0|0|0|步军所习战阵叉术。
772|叉|金|独步|武备步战叉术·横截|1|40|10|8|0|17|10|20|0|0|0|0|步军所习战阵叉术。
773|叉|金|凡品|武备步战叉术·转挑|1|36|6|6|0|12|10|20|0|0|0|0|步军所习战阵叉术。
774|叉|金|出类|武备步战叉术·转挑|1|37|7|6|0|13|10|20|0|0|0|0|步军所习战阵叉术。
775|叉|金|超绝|武备步战叉术·转挑|1|38|8|6|0|14|10|20|0|0|0|0|步军所习战阵叉术。
776|叉|金|独步|武备步战叉术·转挑|1|41|10|8|0|17|10|20|0|0|0|0|步军所习战阵叉术。
777|叉|金|凡品|武备步战叉术·捣面|1|37|6|6|0|12|10|20|0|0|0|0|步军所习战阵叉术。
778|叉|金|出类|武备步战叉术·捣面|1|38|7|6|0|13|10|20|0|0|0|0|步军所习战阵叉术。
779|叉|金|超绝|武备步战叉术·捣面|1|39|8|6|0|14|10|20|0|0|0|0|步军所习战阵叉术。
780|叉|金|独步|武备步战叉术·捣面|1|42|10|8|0|17|10|20|0|0|0|0|步军所习战阵叉术。
781|叉|金|凡品|武备步战叉术·贯胸|1|38|6|6|0|12|10|20|0|0|0|0|步军所习战阵叉术。
782|叉|金|出类|武备步战叉术·贯胸|1|39|7|6|0|13|10|20|0|0|0|0|步军所习战阵叉术。
783|叉|金|超绝|武备步战叉术·贯胸|1|40|8|6|0|14|10|20|0|0|0|0|步军所习战阵叉术。
784|叉|金|独步|武备步战叉术·贯胸|1|43|10|8|0|17|10|20|0|0|0|0|步军所习战阵叉术。
785|叉|金|凡品|武备步战叉术·纵拍|1|39|6|6|0|12|10|20|0|0|0|0|步军所习战阵叉术。
786|叉|金|出类|武备步战叉术·纵拍|1|40|7|6|0|13|10|20|0|0|0|0|步军所习战阵叉术。
787|叉|金|超绝|武备步战叉术·纵拍|1|41|8|6|0|14|10|20|0|0|0|0|步军所习战阵叉术。
788|叉|金|独步|武备步战叉术·纵拍|1|44|10|8|0|17|10|20|0|0|0|0|步军所习战阵叉术。
789|叉|金|凡品|武备步战叉术·架隔|1|40|6|6|0|12|10|20|0|0|0|0|步军所习战阵叉术。
790|叉|金|出类|武备步战叉术·架隔|1|41|7|6|0|13|10|20|0|0|0|0|步军所习战阵叉术。
791|叉|金|超绝|武备步战叉术·架隔|1|42|8|6|0|14|10|20|0|0|0|0|步军所习战阵叉术。
792|叉|金|独步|武备步战叉术·架隔|1|45|10|8|0|17|10|20|0|0|0|0|步军所习战阵叉术。
793|叉|金|凡品|三股猎燕叉·健步|1|35|6|6|0|12|10|20|0|0|0|0|少林三股叉绝学。
794|叉|金|出类|三股猎燕叉·健步|1|36|7|6|0|13|10|20|0|0|0|0|少林三股叉绝学。
795|叉|金|超绝|三股猎燕叉·健步|1|37|8|6|0|14|10|20|0|0|0|0|少林三股叉绝学。
796|叉|金|独步|三股猎燕叉·健步|1|40|10|8|0|17|10|20|0|0|0|0|少林三股叉绝学。
797|叉|金|凡品|三股猎燕叉·豹突|1|36|6|6|0|12|10|20|0|0|0|0|少林三股叉绝学。
798|叉|金|出类|三股猎燕叉·豹突|1|37|7|6|0|13|10|20|0|0|0|0|少林三股叉绝学。
799|叉|金|超绝|三股猎燕叉·豹突|1|38|8|6|0|14|10|20|0|0|0|0|少林三股叉绝学。
800|叉|金|独步|三股猎燕叉·豹突|1|41|10|8|0|17|10|20|0|0|0|0|少林三股叉绝学。
801|叉|金|凡品|三股猎燕叉·虎据|1|37|6|6|0|12|10|20|0|0|0|0|少林三股叉绝学。
802|叉|金|出类|三股猎燕叉·虎据|1|38|7|6|0|13|10|20|0|0|0|0|少林三股叉绝学。
803|叉|金|超绝|三股猎燕叉·虎据|1|39|8|6|0|14|10|20|0|0|0|0|少林三股叉绝学。
804|叉|金|独步|三股猎燕叉·虎据|1|42|10|8|0|17|10|20|0|0|0|0|少林三股叉绝学。
805|叉|金|凡品|三股猎燕叉·拦风|1|38|6|6|0|12|10|20|0|0|0|0|少林三股叉绝学。
806|叉|金|出类|三股猎燕叉·拦风|1|39|7|6|0|13|10|20|0|0|0|0|少林三股叉绝学。
807|叉|金|超绝|三股猎燕叉·拦风|1|40|8|6|0|14|10|20|0|0|0|0|少林三股叉绝学。
808|叉|金|独步|三股猎燕叉·拦风|1|43|10|8|0|17|10|20|0|0|0|0|少林三股叉绝学。
809|叉|金|凡品|三股猎燕叉·贯木|1|39|6|6|0|12|10|20|0|0|0|0|少林三股叉绝学。
810|叉|金|出类|三股猎燕叉·贯木|1|40|7|6|0|13|10|20|0|0|0|0|少林三股叉绝学。
811|叉|金|超绝|三股猎燕叉·贯木|1|41|8|6|0|14|10|20|0|0|0|0|少林三股叉绝学。
812|叉|金|独步|三股猎燕叉·贯木|1|44|10|8|0|17|10|20|0|0|0|0|少林三股叉绝学。
813|叉|金|凡品|三股猎燕叉·猎燕|1|40|6|6|0|12|10|20|0|0|0|0|少林三股叉绝学。
814|叉|金|出类|三股猎燕叉·猎燕|1|41|7|6|0|13|10|20|0|0|0|0|少林三股叉绝学。
815|叉|金|超绝|三股猎燕叉·猎燕|1|42|8|6|0|14|10|20|0|0|0|0|少林三股叉绝学。
816|叉|金|独步|三股猎燕叉·猎燕|1|45|10|8|0|17|10|20|0|0|0|0|少林三股叉绝学。
817|锤|白|凡品|基础锤法|1|30|0|0|0|0|20|1|0|0|0|0|基础锤法
818|锤|白|出类|基础锤法|1|31|0|0|0|0|20|1|0|0|0|0|基础锤法
819|锤|白|超绝|基础锤法|1|32|0|0|0|0|20|1|0|0|0|0|基础锤法
820|锤|白|独步|基础锤法|1|35|2|2|0|2|20|1|0|0|0|0|基础锤法
821|锤|蓝|凡品|无章锤法·砸|1|32|1|1|0|0|20|5|0|0|0|0|乡野农夫胡乱使用的锤法，不成招式套路。
822|锤|蓝|出类|无章锤法·砸|1|33|1|1|0|0|20|5|0|0|0|0|乡野农夫胡乱使用的锤法，不成招式套路。
823|锤|蓝|超绝|无章锤法·砸|1|34|1|1|0|0|20|5|0|0|0|0|乡野农夫胡乱使用的锤法，不成招式套路。
824|锤|蓝|独步|无章锤法·砸|1|37|3|3|0|2|20|5|0|0|0|0|乡野农夫胡乱使用的锤法，不成招式套路。
825|锤|蓝|凡品|无章锤法·擂|1|33|1|1|0|0|20|5|0|0|0|0|乡野农夫胡乱使用的锤法，不成招式套路。
826|锤|蓝|出类|无章锤法·擂|1|34|1|1|0|0|20|5|0|0|0|0|乡野农夫胡乱使用的锤法，不成招式套路。
827|锤|蓝|超绝|无章锤法·擂|1|35|1|1|0|0|20|5|0|0|0|0|乡野农夫胡乱使用的锤法，不成招式套路。
828|锤|蓝|独步|无章锤法·擂|1|38|3|3|0|2|20|5|0|0|0|0|乡野农夫胡乱使用的锤法，不成招式套路。
829|锤|蓝|凡品|无章锤法·曳|1|34|1|1|0|0|20|5|0|0|0|0|乡野农夫胡乱使用的锤法，不成招式套路。
830|锤|蓝|出类|无章锤法·曳|1|35|1|1|0|0|20|5|0|0|0|0|乡野农夫胡乱使用的锤法，不成招式套路。
831|锤|蓝|超绝|无章锤法·曳|1|36|1|1|0|0|20|5|0|0|0|0|乡野农夫胡乱使用的锤法，不成招式套路。
832|锤|蓝|独步|无章锤法·曳|1|39|3|3|0|2|20|5|0|0|0|0|乡野农夫胡乱使用的锤法，不成招式套路。
833|锤|蓝|凡品|无章锤法·盖|1|33|1|1|0|0|20|5|0|0|0|0|乡野农夫胡乱使用的锤法，不成招式套路。
834|锤|蓝|出类|无章锤法·盖|1|34|1|1|0|0|20|5|0|0|0|0|乡野农夫胡乱使用的锤法，不成招式套路。
835|锤|蓝|超绝|无章锤法·盖|1|35|1|1|0|0|20|5|0|0|0|0|乡野农夫胡乱使用的锤法，不成招式套路。
836|锤|蓝|独步|无章锤法·盖|1|38|3|3|0|2|20|5|0|0|0|0|乡野农夫胡乱使用的锤法，不成招式套路。
837|锤|蓝|凡品|方头锤法·侧击|1|32|1|1|0|0|20|5|0|0|0|0|源于铁匠日常捶打武器的锤法。
838|锤|蓝|出类|方头锤法·侧击|1|33|1|1|0|0|20|5|0|0|0|0|源于铁匠日常捶打武器的锤法。
839|锤|蓝|超绝|方头锤法·侧击|1|34|1|1|0|0|20|5|0|0|0|0|源于铁匠日常捶打武器的锤法。
840|锤|蓝|独步|方头锤法·侧击|1|37|3|3|0|2|20|5|0|0|0|0|源于铁匠日常捶打武器的锤法。
841|锤|蓝|凡品|方头锤法·横冲|1|33|1|1|0|0|20|5|0|0|0|0|源于铁匠日常捶打武器的锤法。
842|锤|蓝|出类|方头锤法·横冲|1|34|1|1|0|0|20|5|0|0|0|0|源于铁匠日常捶打武器的锤法。
843|锤|蓝|超绝|方头锤法·横冲|1|35|1|1|0|0|20|5|0|0|0|0|源于铁匠日常捶打武器的锤法。
844|锤|蓝|独步|方头锤法·横冲|1|38|3|3|0|2|20|5|0|0|0|0|源于铁匠日常捶打武器的锤法。
845|锤|蓝|凡品|方头锤法·猛砸|1|34|1|1|0|0|20|5|0|0|0|0|源于铁匠日常捶打武器的锤法。
846|锤|蓝|出类|方头锤法·猛砸|1|35|1|1|0|0|20|5|0|0|0|0|源于铁匠日常捶打武器的锤法。
847|锤|蓝|超绝|方头锤法·猛砸|1|36|1|1|0|0|20|5|0|0|0|0|源于铁匠日常捶打武器的锤法。
848|锤|蓝|独步|方头锤法·猛砸|1|39|3|3|0|2|20|5|0|0|0|0|源于铁匠日常捶打武器的锤法。
849|锤|蓝|凡品|方头锤法·高挂|1|33|1|1|0|0|20|5|0|0|0|0|源于铁匠日常捶打武器的锤法。
850|锤|蓝|出类|方头锤法·高挂|1|34|1|1|0|0|20|5|0|0|0|0|源于铁匠日常捶打武器的锤法。
851|锤|蓝|超绝|方头锤法·高挂|1|35|1|1|0|0|20|5|0|0|0|0|源于铁匠日常捶打武器的锤法。
852|锤|蓝|独步|方头锤法·高挂|1|38|3|3|0|2|20|5|0|0|0|0|源于铁匠日常捶打武器的锤法。
853|锤|蓝|凡品|震山锤法·平野|1|35|1|1|0|0|20|5|0|0|0|0|传说水神共工用此锤法敲断不周山，招式势大力沉，莫不可当。
854|锤|蓝|出类|震山锤法·平野|1|36|1|1|0|0|20|5|0|0|0|0|传说水神共工用此锤法敲断不周山，招式势大力沉，莫不可当。
855|锤|蓝|超绝|震山锤法·平野|1|37|1|1|0|0|20|5|0|0|0|0|传说水神共工用此锤法敲断不周山，招式势大力沉，莫不可当。
856|锤|蓝|独步|震山锤法·平野|1|40|2|2|0|2|20|5|0|0|0|0|传说水神共工用此锤法敲断不周山，招式势大力沉，莫不可当。
857|锤|蓝|凡品|震山锤法·却峰|1|36|1|1|0|0|20|5|0|0|0|0|传说水神共工用此锤法敲断不周山，招式势大力沉，莫不可当。
858|锤|蓝|出类|震山锤法·却峰|1|37|1|1|0|0|20|5|0|0|0|0|传说水神共工用此锤法敲断不周山，招式势大力沉，莫不可当。
859|锤|蓝|超绝|震山锤法·却峰|1|38|1|1|0|0|20|5|0|0|0|0|传说水神共工用此锤法敲断不周山，招式势大力沉，莫不可当。
860|锤|蓝|独步|震山锤法·却峰|1|41|2|2|0|2|20|5|0|0|0|0|传说水神共工用此锤法敲断不周山，招式势大力沉，莫不可当。
861|锤|蓝|凡品|震山锤法·震山|1|35|1|1|0|0|20|5|0|0|0|0|传说水神共工用此锤法敲断不周山，招式势大力沉，莫不可当。
862|锤|蓝|出类|震山锤法·震山|1|36|1|1|0|0|20|5|0|0|0|0|传说水神共工用此锤法敲断不周山，招式势大力沉，莫不可当。
863|锤|蓝|超绝|震山锤法·震山|1|37|1|1|0|0|20|5|0|0|0|0|传说水神共工用此锤法敲断不周山，招式势大力沉，莫不可当。
864|锤|蓝|独步|震山锤法·震山|1|40|2|2|0|2|20|5|0|0|0|0|传说水神共工用此锤法敲断不周山，招式势大力沉，莫不可当。
865|锤|紫|凡品|梅花锤法·点梅|1|37|1|1|0|0|20|10|0|0|0|0|出自云中，兼具轻巧与刚猛的锤法。
866|锤|紫|出类|梅花锤法·点梅|1|38|1|1|0|0|20|10|0|0|0|0|出自云中，兼具轻巧与刚猛的锤法。
867|锤|紫|超绝|梅花锤法·点梅|1|39|1|1|0|0|20|10|0|0|0|0|出自云中，兼具轻巧与刚猛的锤法。
868|锤|紫|独步|梅花锤法·点梅|1|42|3|3|0|2|20|10|0|0|0|0|出自云中，兼具轻巧与刚猛的锤法。
869|锤|紫|凡品|梅花锤法·探梅|1|38|1|1|0|0|20|10|0|0|0|0|出自云中，兼具轻巧与刚猛的锤法。
870|锤|紫|出类|梅花锤法·探梅|1|39|1|1|0|0|20|10|0|0|0|0|出自云中，兼具轻巧与刚猛的锤法。
871|锤|紫|超绝|梅花锤法·探梅|1|40|1|1|0|0|20|10|0|0|0|0|出自云中，兼具轻巧与刚猛的锤法。
872|锤|紫|独步|梅花锤法·探梅|1|43|3|3|0|2|20|10|0|0|0|0|出自云中，兼具轻巧与刚猛的锤法。
873|锤|紫|凡品|梅花锤法·折枝|1|37|1|1|0|0|20|10|0|0|0|0|出自云中，兼具轻巧与刚猛的锤法。
874|锤|紫|出类|梅花锤法·折枝|1|38|1|1|0|0|20|10|0|0|0|0|出自云中，兼具轻巧与刚猛的锤法。
875|锤|紫|超绝|梅花锤法·折枝|1|39|1|1|0|0|20|10|0|0|0|0|出自云中，兼具轻巧与刚猛的锤法。
876|锤|紫|独步|梅花锤法·折枝|1|42|3|3|0|2|20|10|0|0|0|0|出自云中，兼具轻巧与刚猛的锤法。
877|锤|紫|凡品|梅花锤法·撼地|1|39|1|1|0|0|20|10|0|0|0|0|出自云中，兼具轻巧与刚猛的锤法。
878|锤|紫|出类|梅花锤法·撼地|1|40|1|1|0|0|20|10|0|0|0|0|出自云中，兼具轻巧与刚猛的锤法。
879|锤|紫|超绝|梅花锤法·撼地|1|41|1|1|0|0|20|10|0|0|0|0|出自云中，兼具轻巧与刚猛的锤法。
880|锤|紫|独步|梅花锤法·撼地|1|44|3|3|0|2|20|10|0|0|0|0|出自云中，兼具轻巧与刚猛的锤法。
881|锤|紫|凡品|擂鼓锤法·迅击|1|37|1|1|0|0|20|10|0|0|0|0|相传为李元霸所用锤法，招式刚猛令人应接不暇。
882|锤|紫|出类|擂鼓锤法·迅击|1|38|1|1|0|0|20|10|0|0|0|0|相传为李元霸所用锤法，招式刚猛令人应接不暇。
883|锤|紫|超绝|擂鼓锤法·迅击|1|39|1|1|0|0|20|10|0|0|0|0|相传为李元霸所用锤法，招式刚猛令人应接不暇。
884|锤|紫|独步|擂鼓锤法·迅击|1|42|3|3|0|2|20|10|0|0|0|0|相传为李元霸所用锤法，招式刚猛令人应接不暇。
885|锤|紫|凡品|擂鼓锤法·破战|1|38|1|1|0|0|20|10|0|0|0|0|相传为李元霸所用锤法，招式刚猛令人应接不暇。
886|锤|紫|出类|擂鼓锤法·破战|1|39|1|1|0|0|20|10|0|0|0|0|相传为李元霸所用锤法，招式刚猛令人应接不暇。
887|锤|紫|超绝|擂鼓锤法·破战|1|40|1|1|0|0|20|10|0|0|0|0|相传为李元霸所用锤法，招式刚猛令人应接不暇。
888|锤|紫|独步|擂鼓锤法·破战|1|43|3|3|0|2|20|10|0|0|0|0|相传为李元霸所用锤法，招式刚猛令人应接不暇。
889|锤|紫|凡品|擂鼓锤法·进野|1|37|1|1|0|0|20|10|0|0|0|0|相传为李元霸所用锤法，招式刚猛令人应接不暇。
890|锤|紫|出类|擂鼓锤法·进野|1|38|1|1|0|0|20|10|0|0|0|0|相传为李元霸所用锤法，招式刚猛令人应接不暇。
891|锤|紫|超绝|擂鼓锤法·进野|1|39|1|1|0|0|20|10|0|0|0|0|相传为李元霸所用锤法，招式刚猛令人应接不暇。
892|锤|紫|独步|擂鼓锤法·进野|1|42|3|3|0|2|20|10|0|0|0|0|相传为李元霸所用锤法，招式刚猛令人应接不暇。
893|锤|紫|凡品|擂鼓锤法·定坤|1|39|1|1|0|0|20|10|0|0|0|0|相传为李元霸所用锤法，招式刚猛令人应接不暇。
894|锤|紫|出类|擂鼓锤法·定坤|1|40|1|1|0|0|20|10|0|0|0|0|相传为李元霸所用锤法，招式刚猛令人应接不暇。
895|锤|紫|超绝|擂鼓锤法·定坤|1|41|1|1|0|0|20|10|0|0|0|0|相传为李元霸所用锤法，招式刚猛令人应接不暇。
896|锤|紫|独步|擂鼓锤法·定坤|1|44|3|3|0|2|20|10|0|0|0|0|相传为李元霸所用锤法，招式刚猛令人应接不暇。
897|锤|紫|凡品|破城锤法·碎盾|1|38|1|1|0|0|20|10|0|0|0|0|大战天的内门绝学，破城克敌无往不利。
898|锤|紫|出类|破城锤法·碎盾|1|39|1|1|0|0|20|10|0|0|0|0|大战天的内门绝学，破城克敌无往不利。
899|锤|紫|超绝|破城锤法·碎盾|1|40|1|1|0|0|20|10|0|0|0|0|大战天的内门绝学，破城克敌无往不利。
900|锤|紫|独步|破城锤法·碎盾|1|43|3|3|0|2|20|10|0|0|0|0|大战天的内门绝学，破城克敌无往不利。
901|锤|紫|凡品|破城锤法·碾兵|1|37|1|1|0|0|20|10|0|0|0|0|大战天的内门绝学，破城克敌无往不利。
902|锤|紫|出类|破城锤法·碾兵|1|38|1|1|0|0|20|10|0|0|0|0|大战天的内门绝学，破城克敌无往不利。
903|锤|紫|超绝|破城锤法·碾兵|1|39|1|1|0|0|20|10|0|0|0|0|大战天的内门绝学，破城克敌无往不利。
904|锤|紫|独步|破城锤法·碾兵|1|42|3|3|0|2|20|10|0|0|0|0|大战天的内门绝学，破城克敌无往不利。
905|锤|紫|凡品|破城锤法·破城|1|39|1|1|0|0|20|10|0|0|0|0|大战天的内门绝学，破城克敌无往不利。
906|锤|紫|出类|破城锤法·破城|1|40|1|1|0|0|20|10|0|0|0|0|大战天的内门绝学，破城克敌无往不利。
907|锤|紫|超绝|破城锤法·破城|1|41|1|1|0|0|20|10|0|0|0|0|大战天的内门绝学，破城克敌无往不利。
908|锤|紫|独步|破城锤法·破城|1|44|3|3|0|2|20|10|0|0|0|0|大战天的内门绝学，破城克敌无往不利。
909|锤|紫|凡品|镔铁锤法·扎角|1|38|1|1|0|0|20|10|0|0|0|0|蛮夷之地多奇力怪士，善使此锤法。
910|锤|紫|出类|镔铁锤法·扎角|1|39|1|1|0|0|20|10|0|0|0|0|蛮夷之地多奇力怪士，善使此锤法。
911|锤|紫|超绝|镔铁锤法·扎角|1|40|1|1|0|0|20|10|0|0|0|0|蛮夷之地多奇力怪士，善使此锤法。
912|锤|紫|独步|镔铁锤法·扎角|1|43|3|3|0|2|20|10|0|0|0|0|蛮夷之地多奇力怪士，善使此锤法。
913|锤|紫|凡品|镔铁锤法·碎魂|1|37|1|1|0|0|20|10|0|0|0|0|蛮夷之地多奇力怪士，善使此锤法。
914|锤|紫|出类|镔铁锤法·碎魂|1|38|1|1|0|0|20|10|0|0|0|0|蛮夷之地多奇力怪士，善使此锤法。
915|锤|紫|超绝|镔铁锤法·碎魂|1|39|1|1|0|0|20|10|0|0|0|0|蛮夷之地多奇力怪士，善使此锤法。
916|锤|紫|独步|镔铁锤法·碎魂|1|42|3|3|0|2|20|10|0|0|0|0|蛮夷之地多奇力怪士，善使此锤法。
917|锤|紫|凡品|镔铁锤法·破胆|1|39|1|1|0|0|20|10|0|0|0|0|蛮夷之地多奇力怪士，善使此锤法。
918|锤|紫|出类|镔铁锤法·破胆|1|40|1|1|0|0|20|10|0|0|0|0|蛮夷之地多奇力怪士，善使此锤法。
919|锤|紫|超绝|镔铁锤法·破胆|1|41|1|1|0|0|20|10|0|0|0|0|蛮夷之地多奇力怪士，善使此锤法。
920|锤|紫|独步|镔铁锤法·破胆|1|44|3|3|0|2|20|10|0|0|0|0|蛮夷之地多奇力怪士，善使此锤法。
921|锤|金|凡品|八卦锤法·披身|1|43|2|2|0|1|20|20|0|0|0|0|相传为崆峒子绝技，六合之内无可敌之兵。
922|锤|金|出类|八卦锤法·披身|1|44|3|3|0|1|20|20|0|0|0|0|相传为崆峒子绝技，六合之内无可敌之兵。
923|锤|金|超绝|八卦锤法·披身|1|45|4|4|0|1|20|20|0|0|0|0|相传为崆峒子绝技，六合之内无可敌之兵。
924|锤|金|独步|八卦锤法·披身|1|48|5|5|0|2|20|20|0|0|0|0|相传为崆峒子绝技，六合之内无可敌之兵。
925|锤|金|凡品|八卦锤法·掩手|1|43|2|2|0|1|20|20|0|0|0|0|相传为崆峒子绝技，六合之内无可敌之兵。
926|锤|金|出类|八卦锤法·掩手|1|44|3|3|0|1|20|20|0|0|0|0|相传为崆峒子绝技，六合之内无可敌之兵。
927|锤|金|超绝|八卦锤法·掩手|1|45|4|4|0|1|20|20|0|0|0|0|相传为崆峒子绝技，六合之内无可敌之兵。
928|锤|金|独步|八卦锤法·掩手|1|48|5|5|0|2|20|20|0|0|0|0|相传为崆峒子绝技，六合之内无可敌之兵。
929|锤|金|凡品|八卦锤法·拨云|1|44|2|2|0|1|20|20|0|0|0|0|相传为崆峒子绝技，六合之内无可敌之兵。
930|锤|金|出类|八卦锤法·拨云|1|45|3|3|0|1|20|20|0|0|0|0|相传为崆峒子绝技，六合之内无可敌之兵。
931|锤|金|超绝|八卦锤法·拨云|1|46|4|4|0|1|20|20|0|0|0|0|相传为崆峒子绝技，六合之内无可敌之兵。
932|锤|金|独步|八卦锤法·拨云|1|49|5|5|0|2|20|20|0|0|0|0|相传为崆峒子绝技，六合之内无可敌之兵。
933|锤|金|凡品|八卦锤法·护心|1|44|2|2|0|1|20|20|0|0|0|0|相传为崆峒子绝技，六合之内无可敌之兵。
934|锤|金|出类|八卦锤法·护心|1|45|3|3|0|1|20|20|0|0|0|0|相传为崆峒子绝技，六合之内无可敌之兵。
935|锤|金|超绝|八卦锤法·护心|1|46|4|4|0|1|20|20|0|0|0|0|相传为崆峒子绝技，六合之内无可敌之兵。
936|锤|金|独步|八卦锤法·护心|1|49|5|5|0|2|20|20|0|0|0|0|相传为崆峒子绝技，六合之内无可敌之兵。
937|锤|金|凡品|八卦锤法·进步|1|44|2|2|0|1|20|20|0|0|0|0|相传为崆峒子绝技，六合之内无可敌之兵。
938|锤|金|出类|八卦锤法·进步|1|45|3|3|0|1|20|20|0|0|0|0|相传为崆峒子绝技，六合之内无可敌之兵。
939|锤|金|超绝|八卦锤法·进步|1|46|4|4|0|1|20|20|0|0|0|0|相传为崆峒子绝技，六合之内无可敌之兵。
940|锤|金|独步|八卦锤法·进步|1|49|5|5|0|2|20|20|0|0|0|0|相传为崆峒子绝技，六合之内无可敌之兵。
941|锤|金|凡品|八卦锤法·直捣|1|45|2|2|0|1|20|20|0|0|0|0|相传为崆峒子绝技，六合之内无可敌之兵。
942|锤|金|出类|八卦锤法·直捣|1|46|3|3|0|1|20|20|0|0|0|0|相传为崆峒子绝技，六合之内无可敌之兵。
943|锤|金|超绝|八卦锤法·直捣|1|47|4|4|0|1|20|20|0|0|0|0|相传为崆峒子绝技，六合之内无可敌之兵。
944|锤|金|独步|八卦锤法·直捣|1|50|5|5|0|2|20|20|0|0|0|0|相传为崆峒子绝技，六合之内无可敌之兵。
945|锤|金|凡品|八卦锤法·劈雷|1|45|2|2|0|1|20|20|0|0|0|0|相传为崆峒子绝技，六合之内无可敌之兵。
946|锤|金|出类|八卦锤法·劈雷|1|46|3|3|0|1|20|20|0|0|0|0|相传为崆峒子绝技，六合之内无可敌之兵。
947|锤|金|超绝|八卦锤法·劈雷|1|47|4|4|0|1|20|20|0|0|0|0|相传为崆峒子绝技，六合之内无可敌之兵。
948|锤|金|独步|八卦锤法·劈雷|1|50|5|5|0|2|20|20|0|0|0|0|相传为崆峒子绝技，六合之内无可敌之兵。
949|锤|金|凡品|八卦锤法·回转|1|44|2|2|0|1|20|20|0|0|0|0|相传为崆峒子绝技，六合之内无可敌之兵。
950|锤|金|出类|八卦锤法·回转|1|45|3|3|0|1|20|20|0|0|0|0|相传为崆峒子绝技，六合之内无可敌之兵。
951|锤|金|超绝|八卦锤法·回转|1|46|4|4|0|1|20|20|0|0|0|0|相传为崆峒子绝技，六合之内无可敌之兵。
952|锤|金|独步|八卦锤法·回转|1|49|5|5|0|2|20|20|0|0|0|0|相传为崆峒子绝技，六合之内无可敌之兵。
953|锤|金|凡品|神龙锤法·猛袭|1|44|2|2|0|1|20|20|0|0|0|0|据说为神龙教不传之秘，能开山裂地。
954|锤|金|出类|神龙锤法·猛袭|1|45|3|3|0|1|20|20|0|0|0|0|据说为神龙教不传之秘，能开山裂地。
955|锤|金|超绝|神龙锤法·猛袭|1|46|4|4|0|1|20|20|0|0|0|0|据说为神龙教不传之秘，能开山裂地。
956|锤|金|独步|神龙锤法·猛袭|1|49|5|5|0|2|20|20|0|0|0|0|据说为神龙教不传之秘，能开山裂地。
957|锤|金|凡品|神龙锤法·擂鼓|1|44|2|2|0|1|20|20|0|0|0|0|据说为神龙教不传之秘，能开山裂地。
958|锤|金|出类|神龙锤法·擂鼓|1|45|3|3|0|1|20|20|0|0|0|0|据说为神龙教不传之秘，能开山裂地。
959|锤|金|超绝|神龙锤法·擂鼓|1|46|4|4|0|1|20|20|0|0|0|0|据说为神龙教不传之秘，能开山裂地。
960|锤|金|独步|神龙锤法·擂鼓|1|49|5|5|0|2|20|20|0|0|0|0|据说为神龙教不传之秘，能开山裂地。
961|锤|金|凡品|神龙锤法·越山|1|44|2|2|0|1|20|20|0|0|0|0|据说为神龙教不传之秘，能开山裂地。
962|锤|金|出类|神龙锤法·越山|1|45|3|3|0|1|20|20|0|0|0|0|据说为神龙教不传之秘，能开山裂地。
963|锤|金|超绝|神龙锤法·越山|1|46|4|4|0|1|20|20|0|0|0|0|据说为神龙教不传之秘，能开山裂地。
964|锤|金|独步|神龙锤法·越山|1|49|5|5|0|2|20|20|0|0|0|0|据说为神龙教不传之秘，能开山裂地。
965|锤|金|凡品|神龙锤法·摆尾|1|45|2|2|0|1|20|20|0|0|0|0|据说为神龙教不传之秘，能开山裂地。
966|锤|金|出类|神龙锤法·摆尾|1|46|3|3|0|1|20|20|0|0|0|0|据说为神龙教不传之秘，能开山裂地。
967|锤|金|超绝|神龙锤法·摆尾|1|47|4|4|0|1|20|20|0|0|0|0|据说为神龙教不传之秘，能开山裂地。
968|锤|金|独步|神龙锤法·摆尾|1|50|5|5|0|2|20|20|0|0|0|0|据说为神龙教不传之秘，能开山裂地。
969|锤|金|凡品|神龙锤法·搏浪|1|45|2|2|0|1|20|20|0|0|0|0|据说为神龙教不传之秘，能开山裂地。
970|锤|金|出类|神龙锤法·搏浪|1|46|3|3|0|1|20|20|0|0|0|0|据说为神龙教不传之秘，能开山裂地。
971|锤|金|超绝|神龙锤法·搏浪|1|47|4|4|0|1|20|20|0|0|0|0|据说为神龙教不传之秘，能开山裂地。
972|锤|金|独步|神龙锤法·搏浪|1|50|5|5|0|2|20|20|0|0|0|0|据说为神龙教不传之秘，能开山裂地。
973|锤|金|凡品|神龙锤法·破天|1|44|2|2|0|1|20|20|0|0|0|0|据说为神龙教不传之秘，能开山裂地。
974|锤|金|出类|神龙锤法·破天|1|45|3|3|0|1|20|20|0|0|0|0|据说为神龙教不传之秘，能开山裂地。
975|锤|金|超绝|神龙锤法·破天|1|46|4|4|0|1|20|20|0|0|0|0|据说为神龙教不传之秘，能开山裂地。
976|锤|金|独步|神龙锤法·破天|1|49|5|5|0|2|20|20|0|0|0|0|据说为神龙教不传之秘，能开山裂地。
977|轻功|白|凡品|撤步|1|0|0|0|0|0|0|1|5|5|5|0|后撤步，基础轻功。
978|轻功|白|凡品|鹞子翻身|1|0|0|0|0|0|0|5|10|6|10|0|鹞子翻身，小轻功。
979|轻功|白|凡品|燕子穿林|1|0|0|0|0|0|0|10|15|7|15|0|燕子穿林，小轻功。
980|轻功|白|凡品|迎风回浪|1|0|0|0|0|0|0|10|20|8|20|0|迎风回浪，小轻功。
981|轻功|白|凡品|流星追月|1|0|0|0|0|0|0|15|25|9|25|0|流星追月，小轻功
982|轻功|白|凡品|梯云纵|1|0|0|0|0|0|0|20|10|10|0|0|梯云纵，大轻功。
983|轻功|白|凡品|一苇渡江|1|0|0|0|0|0|0|25|10|10|10|0|一苇渡江，大轻功。
984|轻功|白|凡品|凌波微步|1|0|0|0|0|0|0|30|20|10|15|0|凌波微步，大轻功。
985|格挡|白|凡品|格挡|1|0|0|0|0|0|0|1|0|0|0|5|基础格挡技巧。
986|格挡|白|凡品|截击|1|0|0|0|0|0|0|5|0|0|0|10|用兵器提前预估对手动作，进行拦截。
987|格挡|白|凡品|铁幕|1|0|0|0|0|0|0|10|0|0|0|15|如铁幕一般无法穿透。
988|格挡|白|凡品|无朽木|1|0|0|0|0|0|0|15|0|0|0|20|无朽木，高级格挡技巧。
989|格挡|白|凡品|金刚躯|1|0|0|0|0|0|0|20|0|0|0|25|金刚躯，高级格挡技巧。
990|格挡|白|凡品|不灭体|1|0|0|0|0|0|0|25|0|0|0|30|不灭体，高级格挡技巧。

